
NUMPOLLIES 46

// srodkowa_pozioma_A
 0  0.70444  0 0 1
 0  0.72444  0 0 0
 0.95  0.72444  0 1 0
 9

 0.95  0.72444  0 1 0
 0.95  0.70444  0 1 1
 0  0.70444  0 0 1
 9

// srodkowa_pozioma_B
 0.95  0.70444  0 0 1
 0.95  0.72444  0 0 0
 0.95  0.72444  0.03 1 0
 9

 0.95  0.72444  0.03 1 0
 0.95  0.70444  0.03 1 1
 0.95  0.70444  0 0 1
 9

// srodkowa_pozioma_C
 0.95  0.70444  0.03 0 1
 0.95  0.72444  0.03 0 0
 0  0.72444  0.03 1 0
 9

 0  0.72444  0.03 1 0
 0  0.70444  0.03 1 1
 0.95  0.70444  0.03 0 1
 9

// srodkowa_pozioma_D
 0  0.70444  0.03 0 1
 0  0.72444  0.03 0 0
 0  0.72444  0 1 0
 9

 0  0.72444  0 1 0
 0  0.70444  0 1 1
 0  0.70444  0.03 0 1
 9

// srodkowa_pozioma_E
 0  0.70444  0.03 0 1
 0  0.70444  0 0 0
 0.95  0.70444  0 1 0
 9

 0.95  0.70444  0 1 0
 0.95  0.70444  0.03 1 1
 0  0.70444  0.03 0 1
 9

// srodkowa_pozioma_F
 0  0.72444  0 0 1
 0  0.72444  0.03 0 0
 0.95  0.72444  0.03 1 0
 9

 0.95  0.72444  0.03 1 0
 0.95  0.72444  0 1 1
 0  0.72444  0 0 1
 9

// gorna_pozioma_A
 0  1.22  0 0 1
 0  1.24  0 0 0
 0.95  1.24  0 1 0
 9

 0.95  1.24  0 1 0
 0.95  1.22  0 1 1
 0  1.22  0 0 1
 9

// gorna_pozioma_B
 0.95  1.22  0 0 1
 0.95  1.24  0 0 0
 0.95  1.24  0.03 1 0
 9

 0.95  1.24  0.03 1 0
 0.95  1.22  0.03 1 1
 0.95  1.22  0 0 1
 9

// gorna_pozioma_C
 0.95  1.22  0.03 0 1
 0.95  1.24  0.03 0 0
 0  1.24  0.03 1 0
 9

 0  1.24  0.03 1 0
 0  1.22  0.03 1 1
 0.95  1.22  0.03 0 1
 9

// gorna_pozioma_D
 0  1.22  0.03 0 1
 0  1.24  0.03 0 0
 0  1.24  0 1 0
 9

 0  1.24  0 1 0
 0  1.22  0 1 1
 0  1.22  0.03 0 1
 9

// gorna_pozioma_E
 0  1.22  0.03 0 1
 0  1.22  0 0 0
 0.95  1.22  0 1 0
 9

 0.95  1.22  0 1 0
 0.95  1.22  0.03 1 1
 0  1.22  0.03 0 1
 9

// gorna_lewa_pionowa_A
 0  0.72444  0 0 1
 0  1.22  0 0 0
 0.02  1.22  0 1 0
 9

 0.02  1.22  0 1 0
 0.02  0.72444  0 1 1
 0  0.72444  0 0 1
 9

// gorna_lewa_pionowa_B
 0.02  0.72444  0 0 1
 0.02  1.22  0 0 0
 0.02  1.22  0.01 1 0
 9

 0.02  1.22  0.01 1 0
 0.02  0.72444  0.01 1 1
 0.02  0.72444  0 0 1
 9

// gorna_lewa_pionowa_C
 0.02  0.72444  0.01 0 1
 0.02  1.22  0.01 0 0
 0  1.22  0.01 1 0
 9

 0  1.22  0.01 1 0
 0  0.72444  0.01 1 1
 0.02  0.72444  0.01 0 1
 9

// gorna_lewa_pionowa_D
 0  0.72444  0.01 0 1
 0  1.22  0.01 0 0
 0  1.22  0 1 0
 9

 0  1.22  0 1 0
 0  0.72444  0 1 1
 0  0.72444  0.01 0 1
 9

// gorna_druga_pionowa_A
 0.31  0.72444  0 0 1
 0.31  1.22  0 0 0
 0.33  1.22  0 1 0
 9

 0.33  1.22  0 1 0
 0.33  0.72444  0 1 1
 0.31  0.72444  0 0 1
 9

// gorna_druga_pionowa_B
 0.33  0.72444  0 0 1
 0.33  1.22  0 0 0
 0.33  1.22  0.01 1 0
 9

 0.33  1.22  0.01 1 0
 0.33  0.72444  0.01 1 1
 0.33  0.72444  0 0 1
 9

// gorna_druga_pionowa_C
 0.33  0.72444  0.01 0 1
 0.33  1.22  0.01 0 0
 0.31  1.22  0.01 1 0
 9

 0.31  1.22  0.01 1 0
 0.31  0.72444  0.01 1 1
 0.33  0.72444  0.01 0 1
 9

// gorna_druga_pionowa_D
 0.31  0.72444  0.01 0 1
 0.31  1.22  0.01 0 0
 0.31  1.22  0 1 0
 9

 0.31  1.22  0 1 0
 0.31  0.72444  0 1 1
 0.31  0.72444  0.01 0 1
 9

// gorna_trzecia_pionowa_A
 0.62  0.72444  0 0 1
 0.62  1.22  0 0 0
 0.64  1.22  0 1 0
 9

 0.64  1.22  0 1 0
 0.64  0.72444  0 1 1
 0.62  0.72444  0 0 1
 9

// gorna_trzecia_pionowa_B
 0.64  0.72444  0 0 1
 0.64  1.22  0 0 0
 0.64  1.22  0.01 1 0
 9

 0.64  1.22  0.01 1 0
 0.64  0.72444  0.01 1 1
 0.64  0.72444  0 0 1
 9

// gorna_trzecia_pionowa_C
 0.64  0.72444  0.01 0 1
 0.64  1.22  0.01 0 0
 0.62  1.22  0.01 1 0
 9

 0.62  1.22  0.01 1 0
 0.62  0.72444  0.01 1 1
 0.64  0.72444  0.01 0 1
 9

// gorna_trzecia_pionowa_D
 0.62  0.72444  0.01 0 1
 0.62  1.22  0.01 0 0
 0.62  1.22  0 1 0
 9

 0.62  1.22  0 1 0
 0.62  0.72444  0 1 1
 0.62  0.72444  0.01 0 1
 9


// lacznie trojkatow : 46
