
NUMPOLLIES xx 

// linka_A
-0.07  0.07  0.058 0 1
-0.07  1.08  0.058 0 0
-0.08  1.08  0.058 1 0
 10

-0.07  0.07  0.058 0 1
-0.08  0.07  0.058 1 1
-0.08  1.08  0.058 1 0
 10

// linka_B
-0.08  0.07  0.058 0 1
-0.08  1.08  0.058 0 0
-0.08  1.08  0.059 1 0
 10

-0.08  0.07  0.058 0 1
-0.08  0.07  0.059 1 1
-0.08  1.08  0.059 1 0
 10

// linka_C
-0.08  0.07  0.059 0 1
-0.08  1.08  0.059 0 0
-0.07  1.08  0.059 1 0
 10

-0.08  0.07  0.059 0 1
-0.07  0.07  0.059 1 1
-0.07  1.08  0.059 1 0
 10

// linka_D
-0.07  0.07  0.059 0 1
-0.07  1.08  0.059 0 0
-0.07  1.08  0.058 1 0
 10

-0.07  0.07  0.059 0 1
-0.07  0.07  0.058 1 1
-0.07  1.08  0.058 1 0
 10


// lacznie trojkatow : 8
