
NUMPOLLIES xx 

// przegroda_A
 0.6275  0  0.011 0 1
 0.6275  1.24  0.011 0 0
 0.6325  1.24  0.011 1 0
 9

 0.6325  1.24  0.011 1 0
 0.6325  0  0.011 1 1
 0.6275  0  0.011 0 1
 9

// przegroda_B
 0.6325  0  0.011 0 1
 0.6325  1.24  0.011 0 0
 0.6325  1.24  0.016 1 0
 9

 0.6325  1.24  0.016 1 0
 0.6325  0  0.016 1 1
 0.6325  0  0.011 0 1
 9

// przegroda_C
 0.6325  0  0.016 0 1
 0.6325  1.24  0.016 0 0
 0.6275  1.24  0.016 1 0
 9

 0.6275  1.24  0.016 1 0
 0.6275  0  0.016 1 1
 0.6325  0  0.016 0 1
 9

// przegroda_D
 0.6275  0  0.016 0 1
 0.6275  1.24  0.016 0 0
 0.6275  1.24  0.011 1 0
 9

 0.6275  1.24  0.011 1 0
 0.6275  0  0.011 1 1
 0.6275  0  0.016 0 1
 9


// lacznie trojkatow : 8
