
NUMPOLLIES xx 

// skrzynka_szara_A
 0  0  0 0 1
 0  0.37  0 0 0
 0.25  0.37  0 1 0
 9

 0.25  0.37  0 1 0
 0.25  0  0 1 1
 0  0  0 0 1
 9

// skrzynka_szara_B
 0.25  0  0 0 1
 0.25  0.37  0 0 0
 0.25  0.37  0.07 1 0
 9

 0.25  0.37  0.07 1 0
 0.25  0  0.07 1 1
 0.25  0  0 0 1
 9

// skrzynka_szara_D
 0  0  0.07 0 1
 0  0.37  0.07 0 0
 0  0.37  0 1 0
 9

 0  0.37  0 1 0
 0  0  0 1 1
 0  0  0.07 0 1
 9

// skrzynka_szara_E
 0  0  0.07 0 1
 0  0  0 0 0
 0.25  0  0 1 0
 9

 0.25  0  0 1 0
 0.25  0  0.07 1 1
 0  0  0.07 0 1
 9

// skrzynka_szara_F
 0  0.37  0 0 1
 0  0.37  0.07 0 0
 0.25  0.37  0.07 1 0
 9

 0.25  0.37  0.07 1 0
 0.25  0.37  0 1 1
 0  0.37  0 0 1
 9


// lacznie trojkatow : 10
