
NUMPOLLIES xx 

// main_B
 0.1  0  0 0 1
 0.1  0.1  0 0 0
 0.1  0.1  1.3 1 0
 10

 0.1  0  0 0 1
 0.1  0  1.3 1 1
 0.1  0.1  1.3 1 0
 10

// main_D
 0  0  1.3 0 1
 0  0.1  1.3 0 0
 0  0.1  0 1 0
 10

 0  0  1.3 0 1
 0  0  0 1 1
 0  0.1  0 1 0
 10

// main_E
 0  0  1.3 0 1
 0  0  0 0 0
 0.1  0  0 13 0
 13

 0  0  1.3 0 1
 0.1  0  1.3 13 1
 0.1  0  0 13 0
 13

// main_F
 0  0.1  0 0 1
 0  0.1  1.3 0 0
 0.1  0.1  1.3 1 0
 10

 0  0.1  0 0 1
 0.1  0.1  0 1 1
 0.1  0.1  1.3 1 0
 10


// lacznie trojkatow : 8
