NUMPOLLIES 126

// *********************  podlogi i sufity
// podloga czerw1
 -0.46  0.0  0.04 0 1
 -0.46  0.0  5.94 0 0
 -0.35  0.0  5.94 1 0
28
 -0.35  0.0  5.94 1 0
 -0.35  0.0  0.04 1 1
 -0.46  0.0  0.04 0 1
28
// podloga czerw2
 1.36  0.0  0.04 0 1
 1.36  0.0  5.94 0 0
 1.45  0.0  5.94 1 0
28

 1.45  0.0  5.94 1 0
 1.45  0.0  0.04 1 1
 1.36  0.0  0.04 0 1
28
// podloga czerw3
 -0.35  0.0  5.85 0 1
 -0.35  0.0  5.94 0 0
 1.36  0.0  5.94 1 0
28

 1.36  0.0  5.94 1 0
 1.36  0.0  5.85 1 1
 -0.35  0.0  5.85 0 1
28
// podloga czerw4
 -0.35  0.0  0.04 0 1
 -0.35  0.0  0.13 0 0
 1.36  0.0  0.13 1 0
28

 1.36  0.0  0.13 1 0
 1.36  0.0  0.04 1 1
 -0.35  0.0  0.04 0 1
28
// podloga czerw5
 -0.35  0.0  5.94 0 1
 -0.35  0.0  5.97 0 0
 1.36  0.0  5.97 1 0
28

 1.36  0.0  5.97 1 0
 1.36  0.0  5.94 1 1
 -0.35  0.0  5.94 0 1
28
// podloga bialy pas 1
 -0.35  0.0  0.13 0 1
 -0.35  0.0  5.85 0 0
 -0.1  0.0  5.85 1 0
11
 -0.1  0.0  5.85 1 0
 -0.1  0.0  0.13 1 1
 -0.35  0.0  0.13 0 1
11
// podloga bialy pas 1
 1.1  0.0  0.13 0 1
 1.1  0.0  5.85 0 0
 1.36  0.0  5.85 1 0
11

 1.36  0.0  5.85 1 0
 1.36  0.0  0.13 1 1
 1.1  0.0  0.13 0 1
11
// ****************** wypelnienie podlogi - dziwne tekstury
// czerwony pasy 1
 -0.1  0.0  0.685 0 1
 -0.1  0.0  0.775 0 0
 1.1  0.0  0.775 1 0
28

 1.1  0.0  0.775 1 0
 1.1  0.0  0.685 1 1
 -0.1  0.0  0.685 0 1
28
// czerwony pasy 2
 -0.1  0.0  1.33 0 1
 -0.1  0.0  1.42 0 0
 1.1  0.0  1.42 1 0
28

 1.1  0.0  1.42 1 0
 1.1  0.0  1.33 1 1
 -0.1  0.0  1.33 0 1
28
// czerwony pasy 3
 -0.1  0.0  1.975 0 1
 -0.1  0.0  2.065 0 0
 1.1  0.0  2.065 1 0
28

 1.1  0.0  2.065 1 0
 1.1  0.0  1.975 1 1
 -0.1  0.0  1.975 0 1
28
// czerwony pasy 4
 -0.1  0.0  2.62 0 1
 -0.1  0.0  2.71 0 0
 1.1  0.0  2.71 1 0
28

 1.1  0.0  2.71 1 0
 1.1  0.0  2.62 1 1
 -0.1  0.0  2.62 0 1
28
// czerwony pasy 5
 1.1  0.0  3.265 1 0
 -0.1  0.0  3.265 0 0
 -0.1  0.0  3.355 0 1
28
 -0.1  0.0  3.355 0 1
 1.1  0.0  3.355 1 1
 1.1  0.0  3.265 1 0
28
// czerwony pasy 6
 1.1  0.0  3.91 1 0
 -0.1  0.0  3.91 0 0
 -0.1  0.0  4.00 0 1
28
 -0.1  0.0  4.00 0 1
 1.1  0.0  4.00 1 1
 1.1  0.0  3.91 1 0
28
// czerwony pasy 7
 1.1  0.0  4.555 1 0
 -0.1  0.0  4.555 0 0
 -0.1  0.0  4.645 0 1
28
 -0.1  0.0  4.645 0 1
 1.1  0.0  4.645 1 1
 1.1  0.0  4.555 1 0
28
// czerwony pasy 8
 1.1  0.0  5.2 1 0
 -0.1  0.0  5.2 0 0
 -0.1  0.0  5.29 0 1
28
 -0.1  0.0  5.29 0 1
 1.1  0.0  5.29 1 1
 1.1  0.0  5.2 1 0
28
//  *********** biale duze pasy
// bialy pasy 1
 -0.1  0.0  0.13 0 1
 -0.1  0.0  0.685 0 0
 1.1  0.0  0.685 1 0
11

 1.1  0.0  0.685 1 0
 1.1  0.0  0.13 1 1
 -0.1  0.0  0.13 0 1
11
// bialy pasy 2
 -0.1  0.0  0.775 0 1
 -0.1  0.0  1.33 0 0
 1.1  0.0  1.33 1 0
11

 1.1  0.0  1.33 1 0
 1.1  0.0  0.775 1 1
 -0.1  0.0  0.775 0 1
11
// bialy pasy 3
 -0.1  0.0  1.42 0 1
 -0.1  0.0  1.975 0 0
 1.1  0.0  1.975 1 0
11

 1.1  0.0  1.975 1 0
 1.1  0.0  1.42 1 1
 -0.1  0.0  1.42 0 1
11
// bialy pasy 4
 -0.1  0.0  2.065 0 1
 -0.1  0.0  2.62 0 0
 1.1  0.0  2.62 1 0
11

 1.1  0.0  2.62 1 0
 1.1  0.0  2.065 1 1
 -0.1  0.0  2.065 0 1
11
// bialy pasy 5
 1.1  0.0  2.71 1 0
 -0.1  0.0  2.71 0 0
 -0.1  0.0  3.265 0 1
11
 -0.1  0.0  3.265 0 1
 1.1  0.0  3.265 1 1
 1.1  0.0  2.71 1 0
11
// bialy pasy 6
 1.1  0.0  3.355 1 0
 -0.1  0.0  3.355 0 0
 -0.1  0.0  3.91 0 1
11
 -0.1  0.0  3.91 0 1
 1.1  0.0  3.91 1 1
 1.1  0.0  3.355 1 0
11
// bialy pasy 7
 1.1  0.0  4.0 1 0
 -0.1  0.0  4.0 0 0
 -0.1  0.0  4.555 0 1
11
 -0.1  0.0  4.555 0 1
 1.1  0.0  4.555 1 1
 1.1  0.0  4.0 1 0
11
// bialy pasy 8
 1.1  0.0  4.645 1 0
 -0.1  0.0  4.645 0 0
 -0.1  0.0  5.2 0 1
11
 -0.1  0.0  5.2 0 1
 1.1  0.0  5.2 1 1
 1.1  0.0  4.645 1 0
11
// bialy pasy 9
 1.1  0.0  5.29 1 0
 -0.1  0.0  5.29 0 0
 -0.1  0.0  5.85 0 1
11
 -0.1  0.0  5.85 0 1
 1.1  0.0  5.85 1 1
 1.1  0.0  5.29 1 0
11
// ************* koniec bialy

// sufit
 1.45  1.3  5.94 1 0
 -0.46  1.3  5.94 0 0
 -0.46  1.3  0.04 0 1
11
 -0.46  1.3  0.04 0 1
 1.45  1.3  0.04 1 1
 1.45  1.3  5.94 1 0
11

// ********************* SCIANY
//1.385 - prawy kraniec okna
// sciana_do_okien
1.45 0.26  0.04 1 0
-0.46  0.26  0.04 0 0
-0.46  0.05 0.04 0 1
 11
-0.46  0.05  0.04 0 1
1.45  0.05  0.04 1 1
1.45  0.26  0.04 1 0
 11
// nad oknami
1.45 1.3  0.04 1 0
-0.46  1.3  0.04 0 0
-0.46  0.85 0.04 0 1
 11
-0.46  0.85  0.04 0 1
1.45  0.85  0.04 1 1
1.45  1.3  0.04 1 0
 11
//lewa okien
1.45 0.85  0.04 1 0
1.385  0.85  0.04 0 0
1.385  0.26 0.04 0 1
 11
1.385  0.26  0.04 0 1
1.45  0.26  0.04 1 1
1.45  0.85  0.04 1 0
 11
// prawa okien
-0.38 0.85  0.04 1 0
-0.46  0.85  0.04 0 0
-0.46  0.26 0.04 0 1
 11
-0.46  0.26  0.04 0 1
-0.38  0.26  0.04 1 1
-0.38  0.85  0.04 1 0
 11
// sufit okien
 1.385  0.85  0.04 1 0
 -0.38  0.85  0.04 0 0
 -0.38  0.85  -0.05 0 1
11
 -0.38  0.85  -0.05 0 1
 1.385  0.85  -0.05 1 1
 1.385  0.85  0.04 1 0
11
// sciana okien prawa1
1.385  0.85  0.04 1 0
1.385  0.85  -0.05 0 0
1.385  0.26  -0.05 0 1
 11
1.385  0.26  -0.05 0 1
1.385  0.26  0.04 1 1
1.385  0.85  0.04 1 0
 11
// sciana okein lewa
-0.38  0.26  -0.05 0 1
-0.38  0.85  -0.05 0 0
-0.38  0.85  0.04 1 0
 11
-0.38  0.85  0.04 1 0
-0.38  0.26  0.04 1 1
-0.38  0.26  -0.05 0 1
 11
// parapet okien
 -0.38  0.26  -0.05 0 1
 -0.38  0.26  0.04 0 0
 1.385  0.26  0.04 1 0
11
 1.385  0.26  0.04 1 0
 1.385  0.26  -0.05 1 1
 -0.38  0.26  -0.05 0 1
11
// sciana prawa1
1.45  1.3  1.2 1 0
1.45  1.3  0.04 0 0
1.45  0.05  0.04 0 1
 11
1.45  0.05  0.04 0 1
1.45  0.05  1.2 1 1
1.45  1.3  1.2 1 0
 11
// sciana lewa1
-0.46  0.05  0.04 0 1
-0.46  1.3  0.04 0 0
-0.46  1.3  1.2 1 0
 11
-0.46  1.3  1.2 1 0
-0.46  0.05  1.2 1 1
-0.46  0.05  0.04 0 1
 11

// sciana prawa2
1.45  1.3  3.05 1 0
1.45  1.3  1.7 0 0
1.45  0.05  1.7 0 1
 11
1.45  0.05  1.7 0 1
1.45  0.05  3.05 1 1
1.45  1.3  3.05 1 0
 11
// sciana lewa2
-0.46  0.05  1.7 0 1
-0.46  1.3  1.7 0 0
-0.46  1.3  3.05 1 0
 11
-0.46  1.3  3.05 1 0
-0.46  0.05  3.05 1 1
-0.46  0.05  1.7 0 1
 11
// sciana prawa3
1.45  1.3  4.9 1 0
1.45  1.3  3.55 0 0
1.45  0.05  3.55 0 1
 11
1.45  0.05  3.55 0 1
1.45  0.05  4.9 1 1
1.45  1.3  4.9 1 0
 11
// sciana lewa3
-0.46  0.05  3.55 0 1
-0.46  1.3  3.55 0 0
-0.46  1.3  4.9 1 0
 11
-0.46  1.3  4.9 1 0
-0.46  0.05  4.9 1 1
-0.46  0.05  3.55 0 1
 11

// sciana prawa4
1.45  1.3  5.94 1 0
1.45  1.3  5.4 0 0
1.45  0.05  5.4 0 1
 11
1.45  0.05  5.4 0 1
1.45  0.05  5.94 1 1
1.45  1.3  5.94 1 0
 11
// sciana lewa4
-0.46  0.05  5.4 0 1
-0.46  1.3  5.4 0 0
-0.46  1.3  5.94 1 0
 11
-0.46  1.3  5.94 1 0
-0.46  0.05  5.94 1 1
-0.46  0.05  5.4 0 1
 11

// nad lewymi drzwiami1
-0.46  1.115  4.9 0 1
-0.46  1.3  4.9 0 0
-0.46  1.3  5.4 1 0
 11
-0.46  1.3  5.4 1 0
-0.46  1.115  5.4 1 1
-0.46  1.115  4.9 0 1
 11
// nad lewymi drzwiami2
-0.46  1.115  3.05 0 1
-0.46  1.3  3.05 0 0
-0.46  1.3  3.55 1 0
 11
-0.46  1.3  3.55 1 0
-0.46  1.115  3.55 1 1
-0.46  1.115  3.05 0 1
 11
// nad lewymi drzwiami3
-0.46  1.115  1.2 0 1
-0.46  1.3  1.2 0 0
-0.46  1.3  1.7 1 0
 11
-0.46  1.3  1.7 1 0
-0.46  1.115  1.7 1 1
-0.46  1.115  1.2 0 1
 11

// nad prawymi drzwiami1
1.45  1.3  5.4 1 0
1.45  1.3  4.9 0 0
1.45  1.115  4.9 0 1
 11
1.45  1.115  4.9 0 1
1.45  1.115  5.4 1 1
1.45  1.3  5.4 1 0
 11
// nad prawymi drzwiami2
1.45  1.3  3.55 1 0
1.45  1.3  3.05 0 0
1.45  1.115  3.05 0 1
 11
1.45  1.115  3.05 0 1
1.45  1.115  3.55 1 1
1.45  1.3  3.55 1 0
 11
// nad prawymi drzwiami3
1.45  1.3  1.7 1 0
1.45  1.3  1.2 0 0
1.45  1.115  1.2 0 1
 11
1.45  1.115  1.2 0 1
1.45  1.115  1.7 1 1
1.45  1.3  1.7 1 0
 11

// sciana przy wejsciu1
0.95  0.05 5.94 0 1
0.95  1.3  5.94 0 0
1.45 1.3  5.94 1 0
 11
1.45  1.3  5.94 1 0
1.45  0.05  5.94 1 1
0.95  0.05  5.94 0 1
 11
// sciana przy wejsciu2
-0.46  0.05 5.94 0 1
-0.46  1.3  5.94 0 0
0 1.3  5.94 1 0
 11
0  1.3  5.94 1 0
0  0.05  5.94 1 1
-0.46  0.05  5.94 0 1
 11
// sciana przy wejsciu3
0 1.3  5.94 1 0
0.95  1.3  5.94 0 0
0.95  1.115 5.94 0 1
 11
0.95  1.115  5.94 0 1
0  1.115  5.94 1 1
0  1.3  5.94 1 0
 11

// ***************************PASKI
// pasek czerwony prawa1
1.45  0.05  1.2 1 0
1.45  0.05  0.04 0 0
1.45  0.00  0.04 0 1
 28
1.45  0.00  0.04 0 1
1.45  0.00  1.2 1 1
1.45  0.05  1.2 1 0
 28
// pasek czerwony lewa1
-0.46  0.00  0.04 0 1
-0.46  0.05  0.04 0 0
-0.46  0.05  1.2 1 0
 28
-0.46  0.05  1.2 1 0
-0.46  0.00  1.2 1 1
-0.46  0.00  0.04 0 1
 28

// pasek czerwony prawa2
1.45  0.05  3.05 1 0
1.45  0.05  1.7 0 0
1.45  0.00  1.7 0 1
 28
1.45  0.00  1.7 0 1
1.45  0.00  3.05 1 1
1.45  0.05  3.05 1 0
 28
// pasek czerwony lewa2
-0.46  0.00  1.7 0 1
-0.46  0.05  1.7 0 0
-0.46  0.05  3.05 1 0
 28
-0.46  0.05  3.05 1 0
-0.46  0.00  3.05 1 1
-0.46  0.00  1.7 0 1
 28
// pasek czerwony prawa3
1.45  0.05  4.9 1 0
1.45  0.05  3.55 0 0
1.45  0.00  3.55 0 1
 28
1.45  0.00  3.55 0 1
1.45  0.00  4.9 1 1
1.45  0.05  4.9 1 0
 28
// pasek czerwony lewa3
-0.46  0.00  3.55 0 1
-0.46  0.05  3.55 0 0
-0.46  0.05  4.9 1 0
 28
-0.46  0.05  4.9 1 0
-0.46  0.00  4.9 1 1
-0.46  0.00  3.55 0 1
 28

// pasek czerwony prawa4
1.45  0.05  5.94 1 0
1.45  0.05  5.4 0 0
1.45  0.00  5.4 0 1
 28
1.45  0.00  5.4 0 1
1.45  0.00  5.94 1 1
1.45  0.05  5.94 1 0
 28
// pasek czerwony lewa4
-0.46  0.00  5.4 0 1
-0.46  0.05  5.4 0 0
-0.46  0.05  5.94 1 0
 28
-0.46  0.05  5.94 1 0
-0.46  0.00  5.94 1 1
-0.46  0.00  5.4 0 1
 28
// pasek czerwony prawa5
0.949  0.05  5.97 1 0
0.949  0.05  5.938 0 0
0.949  0.00  5.938 0 1
 28
0.949  0.00  5.938 0 1
0.949  0.00  5.97 1 1
0.949  0.05  5.97 1 0
 28
// pasek czerwony lewa5
0.001  0.00  5.938 0 1
0.001  0.05  5.938 0 0
0.001  0.05  5.97 1 0
 28
0.001  0.05  5.97 1 0
0.001  0.00  5.97 1 1
0.001  0.00  5.938 0 1
 28

// pasek przy wejsciu1
-0.46  0.00 5.94 0 1
-0.46  0.05  5.94 0 0
0 0.05  5.94 1 0
 28
0  0.05  5.94 1 0
0  0.00  5.94 1 1
-0.46  0.00  5.94 0 1
 28
// pasek przy wejsciu2
0.95  0.00 5.94 0 1
0.95  0.05  5.94 0 0
1.45 0.05  5.94 1 0
 28
1.45  0.05  5.94 1 0
1.45  0.00  5.94 1 1
0.95  0.00  5.94 0 1
 28
// pasek przy oknach
1.45 0.05  0.04 1 0
-0.46  0.05  0.04 0 0
-0.46  0.00 0.04 0 1
 28
-0.46  0.00  0.04 0 1
1.45  0.00  0.04 1 1
1.45  0.05  0.04 1 0
 28