NUMPOLLIES 16

// murek_A
 1.3  0.204  1.901 0 2
 1.3  0.804  1.901 0 0
 1.62  0.804  1.901 1.5 0
 4
 1.62  0.804  1.901 1.5 0
 1.62  0.204  1.901 1.5 2
 1.3  0.204  1.901 0 2
4

// murek_B
 1.62  0.204  1.901 0 2
 1.62  0.804  1.901 0 0
 1.62  0.804  3.718 8 0
 4
 1.62  0.804  3.718 8 0
 1.62  0.204  3.718 8 2
 1.62  0.204  1.901 0 2
 4

// murek_D
 1.3  0.204  3.718 0 2
 1.3  0.804  3.718 0 0
 1.3  0.804  1.901 8 0
 4
 1.3  0.804  1.901 8 0
 1.3  0.204  1.901 8 2
 1.3  0.204  3.718 0 2
 4



// wienczenie murku!

// wienczenie_murku_A
 1.28  0.804  1.88 0 0.1
 1.28  0.81  1.88 0 0
 1.64  0.81  1.88 3.6 0
 1
 1.64  0.81  1.88 3.6 0
 1.64  0.804  1.88 3.6 0.1
 1.28  0.804  1.88 0 0.1
 1

// wienczenie_murku_B
 1.64  0.804  1.88 0.62 0.1
 1.64  0.81  1.88 0.62 0
 1.64  0.81  3.718 19 0
 1
 1.64  0.81  3.718 19 0
 1.64  0.804  3.718 19 0.1
 1.64  0.804  1.88 0.62 0.1
 1


// wienczenie_murku_D
 1.28  0.804  3.718 0 0.1
 1.28  0.81  3.718 0 0
 1.28  0.81  1.88 18.38 0
 1
 1.28  0.81  1.88 18.38 0
 1.28  0.804  1.88 18.38 0.1
 1.28  0.804  3.718 0 0.1
 1

// wienczenie_murku_F
 1.28  0.81  1.88 0 18.38 
 1.28  0.81  3.718 0 0
 1.64  0.81  3.718 3.6 0
 1
 1.64  0.81  3.718 3.6 0
 1.64  0.81  1.88 3.6 18.38 
 1.28  0.81  1.88 0 18.38 
 1

// wienczenie_murku_E
 1.28  0.804  1.88 0 18.38 
 1.28  0.804  3.718 0 0
 1.64  0.804  3.718 3.6 0
 1
 1.64  0.804  3.718 3.6 0
 1.64  0.804  1.88 3.6 18.38 
 1.28  0.804  1.88 0 18.38 
 1



// TRASH
