

NUMPOLLIES 144


// podlogo-sufit, ta czesc pod pierwsyzm polziomem
1.78  0.701  0.57 1 1
1.3  0.701 0.57 0 1
1.3  0.701  -0.65 0 0
 11
//279234 JAKAS POMOCNICZA WARTOSC ;-)
1.3  0.701  -0.65 0 0
1.78  0.701  -0.65 1 0
1.78 0.701  0.57 1 1
 11

// tylnia czesc - dla pierwszego polziomu fikcyjna (schowana w srodku)
 1.78  0.760323  -0.65 1 0
 1.78  0.760323  0.57 0 0
 1.78  0.701 0.57 0 1
 11

 1.78  0.701  0.57 0 1
 1.78  0.701  -0.65 1 1
 1.78  0.760323  -0.65 1 0
 11

// oslona schodka
 1.3  0.701 0 0 1
 1.3  0.760323  0 0 0
 1.3  0.760323  -0.08 1 0
 11

 1.3  0.760323  -0.08 1 0
 1.3  0.701  -0.08 1 1
 1.3  0.701  0 0 1
 11
// dodatkowa oslona schodka (pod skosem)

 1.3  0.760323  -0.08 1 0
 1.3  0.760323  -0.65 0 0
 1.3  0.701 -0.65 0 1
 11

 1.3  0.701  -0.65 0 1
 1.3  0.701  -0.08 1 1
 1.3  0.760323  -0.08 1 0
 11

// pomiedzy "oslonami" schodow a dolnym pasem - pomocnicza
0  -0.0292  0 0 1
0  0  0 0 0
1.346  0.7345  0 1 0
 11

1.346  0.7345  0 1 0
1.346  0.701  0 1 1
0  -0.0292  0 0 1
 11

// skosny pasek, tuz pod schodami
1.36  0.709324  0.57 1 1
0  -0.0292 0.57 0 1
0  -0.0292  0 0 0
 11
0 -0.0292  0 0 0
1.36  0.709324  0 1 0
1.36 0.709324  0.57 1 1
 11

// schodek #1
// schodek_D
 0  0  0.57 0 1
 0  0.050666  0.57 0 0
 0  0.050666  0 3 0
 10

 0  0.050666  0 3 0
 0  0  0 3 1
 0  0  0.57 0 1
 10

// schodek_F
 0  0.050666  0 0 3
 0  0.050666  0.57 0 0
 0.092857  0.050666  0.57 1 0
 10

 0.092857  0.050666  0.57 1 0
 0.092857  0.050666  0 1 3
 0  0.050666  0 0 3
 10

// #1 oslona zewnetrzna schodow
 0  0  0 0 1
 0  0.050666  0 0 0
 0.092857  0.050666  0 1 0
 11

// schodek #2
// schodek_D
 0.092857  0.050666  0.57 0 1
 0.092857  0.101332  0.57 0 0
 0.092857  0.101332  0 3 0
 10

 0.092857  0.101332  0 3 0
 0.092857  0.050666  0 3 1
 0.092857  0.050666  0.57 0 1
 10


// schodek_F
 0.092857  0.101332  0 0 3
 0.092857  0.101332  0.57 0 0
 0.185714  0.101332  0.57 1 0
 10

 0.185714  0.101332  0.57 1 0
 0.185714  0.101332  0 1 3
 0.092857  0.101332  0 0 3
 10


// #2 oslona zewnetrzna schodow
 0.092857  0.050666  0 0 1
 0.092857  0.101332  0 0 0
 0.185714  0.101332  0 1 0
 11

// schodek #3
// schodek_D
 0.185714  0.101332  0.57 0 1
 0.185714  0.151998  0.57 0 0
 0.185714  0.151998  0 3 0
 10

 0.185714  0.151998  0 3 0
 0.185714  0.101332  0 3 1
 0.185714  0.101332  0.57 0 1
 10

// schodek_F
 0.185714  0.151998  0 0 3
 0.185714  0.151998  0.57 0 0
 0.278571  0.151998  0.57 1 0
 10

 0.278571  0.151998  0.57 1 0
 0.278571  0.151998  0 1 3
 0.185714  0.151998  0 0 3
 10


// #3 oslona zewnetrzna schodow
 0.185714  0.101332  0 0 1
 0.185714  0.151998  0 0 0
 0.278571  0.151998  0 1 0
 11

// schodek #4
// schodek_D
 0.278571  0.151998  0.57 0 1
 0.278571  0.202664  0.57 0 0
 0.278571  0.202664  0 3 0
 10

 0.278571  0.202664  0 3 0
 0.278571  0.151998  0 3 1
 0.278571  0.151998  0.57 0 1
 10

// schodek_F
 0.278571  0.202664  0 0 3
 0.278571  0.202664  0.57 0 0
 0.371428  0.202664  0.57 1 0
 10

 0.371428  0.202664  0.57 1 0
 0.371428  0.202664  0 1 3
 0.278571  0.202664  0 0 3
 10
// #4 oslona zewnetrzna schodow
 0.278571  0.151998  0 0 1
 0.278571  0.202664  0 0 0
 0.371428  0.202664  0 1 0
 11
// schodek #5
// schodek_D
 0.371428  0.202664  0.57 0 1
 0.371428  0.25333  0.57 0 0
 0.371428  0.25333  0 3 0
 10

 0.371428  0.25333  0 3 0
 0.371428  0.202664  0 3 1
 0.371428  0.202664  0.57 0 1
 10

// schodek_F
 0.371428  0.25333  0 0 3
 0.371428  0.25333  0.57 0 0
 0.464285  0.25333  0.57 1 0
 10

 0.464285  0.25333  0.57 1 0
 0.464285  0.25333  0 1 3
 0.371428  0.25333  0 0 3
 10
// #5 oslona zewnetrzna schodow
 0.371428  0.202664  0 0 1
 0.371428  0.25333  0 0 0
 0.464285  0.25333  0 1 0
 11

// schodek #6
// schodek_D
 0.464285  0.25333  0.57 0 1
 0.464285  0.303996  0.57 0 0
 0.464285  0.303996  0 3 0
 10

 0.464285  0.303996  0 3 0
 0.464285  0.25333  0 3 1
 0.464285  0.25333  0.57 0 1
 10

// schodek_F
 0.464285  0.303996  0 0 3
 0.464285  0.303996  0.57 0 0
 0.557142  0.303996  0.57 1 0
 10

 0.557142  0.303996  0.57 1 0
 0.557142  0.303996  0 1 3
 0.464285  0.303996  0 0 3
 10
// #6 oslona zewnetrzna schodow
 0.464285  0.25333  0 0 1
 0.464285  0.303996  0 0 0
 0.557142  0.303996  0 1 0
 11

// schodek #7
// schodek_D
 0.557142  0.303996  0.57 0 1
 0.557142  0.354662  0.57 0 0
 0.557142  0.354662  0 3 0
 10

 0.557142  0.354662  0 3 0
 0.557142  0.303996  0 3 1
 0.557142  0.303996  0.57 0 1
 10

// schodek_F
 0.557142  0.354662  0 0 3
 0.557142  0.354662  0.57 0 0
 0.649999  0.354662  0.57 1 0
 10

 0.649999  0.354662  0.57 1 0
 0.649999  0.354662  0 1 3
 0.557142  0.354662  0 0 3
 10

// #7 oslona zewnetrzna schodow
 0.557142  0.303996  0 0 1
 0.557142  0.354662  0 0 0
 0.649999  0.354662  0 1 0
 11


// schodek #8
// schodek_D
 0.649999  0.354662  0.57 0 1
 0.649999  0.405328  0.57 0 0
 0.649999  0.405328  0 3 0
 10

 0.649999  0.405328  0 3 0
 0.649999  0.354662  0 3 1
 0.649999  0.354662  0.57 0 1
 10

// schodek_F
 0.649999  0.405328  0 0 3
 0.649999  0.405328  0.57 0 0
 0.742856  0.405328  0.57 1 0
 10

 0.742856  0.405328  0.57 1 0
 0.742856  0.405328  0 1 3
 0.649999  0.405328  0 0 3
 10
// #8 oslona zewnetrzna schodow
 0.649999  0.354662  0 0 1
 0.649999  0.405328  0 0 0
 0.742856  0.405328  0 1 0
 11

// schodek #9
// schodek_D
 0.742856  0.405328  0.57 0 1
 0.742856  0.455994  0.57 0 0
 0.742856  0.455994  0 3 0
 10

 0.742856  0.455994  0 3 0
 0.742856  0.405328  0 3 1
 0.742856  0.405328  0.57 0 1
 10

// schodek_F
 0.742856  0.455994  0 0 3
 0.742856  0.455994  0.57 0 0
 0.835713  0.455994  0.57 1 0
 10

 0.835713  0.455994  0.57 1 0
 0.835713  0.455994  0 1 3
 0.742856  0.455994  0 0 3
 10
// #9 oslona zewnetrzna schodow
 0.742856  0.405328  0 0 1
 0.742856  0.455994  0 0 0
 0.835713  0.455994  0 1 0
 11
// schodek #10
// schodek_D
 0.835713  0.455994  0.57 0 1
 0.835713  0.50666  0.57 0 0
 0.835713  0.50666  0 3 0
 10

 0.835713  0.50666  0 3 0
 0.835713  0.455994  0 3 1
 0.835713  0.455994  0.57 0 1
 10

// schodek_F
 0.835713  0.50666  0 0 3
 0.835713  0.50666  0.57 0 0
 0.92857  0.50666  0.57 1 0
 10

 0.92857  0.50666  0.57 1 0
 0.92857  0.50666  0 1 3
 0.835713  0.50666  0 0 3
 10

// #10 oslona zewnetrzna schodow
 0.835713  0.455994  0 0 1
 0.835713  0.50666  0 0 0
 0.92857  0.50666  0 1 0
 11
// schodek #11
// schodek_D
 0.92857  0.50666  0.57 0 1
 0.92857  0.557326  0.57 0 0
 0.92857  0.557326  0 3 0
 10

 0.92857  0.557326  0 3 0
 0.92857  0.50666  0 3 1
 0.92857  0.50666  0.57 0 1
 10

// schodek_F
 0.92857  0.557326  0 0 3
 0.92857  0.557326  0.57 0 0
 1.02143  0.557326  0.57 1 0
 10

 1.02143  0.557326  0.57 1 0
 1.02143  0.557326  0 1 3
 0.92857  0.557326  0 0 3
 10

// #11 oslona zewnetrzna schodow
 0.92857  0.50666  0 0 1
 0.92857  0.557326  0 0 0
 1.02143  0.557326  0 1 0
 11

// schodek #12
// schodek_D
 1.02143  0.557326  0.57 0 1
 1.02143  0.607992  0.57 0 0
 1.02143  0.607992  0 3 0
 10

 1.02143  0.607992  0 3 0
 1.02143  0.557326  0 3 1
 1.02143  0.557326  0.57 0 1
 10

// schodek_F
 1.02143  0.607992  0 0 3
 1.02143  0.607992  0.57 0 0
 1.11428  0.607992  0.57 1 0
 10

 1.11428  0.607992  0.57 1 0
 1.11428  0.607992  0 1 3
 1.02143  0.607992  0 0 3
 10

// #12 oslona zewnetrzna schodow
 1.02143  0.557326  0 0 1
 1.02143  0.607992  0 0 0
 1.11428  0.607992  0 1 0
 11

// schodek #13
// schodek_D
 1.11428  0.607992  0.57 0 1
 1.11428  0.658658  0.57 0 0
 1.11428  0.658658  0 3 0
 10

 1.11428  0.658658  0 3 0
 1.11428  0.607992  0 3 1
 1.11428  0.607992  0.57 0 1
 10

// schodek_F
 1.11428  0.658658  0 0 3
 1.11428  0.658658  0.57 0 0
 1.20714  0.658658  0.57 1 0
 10

 1.20714  0.658658  0.57 1 0
 1.20714  0.658658  0 1 3
 1.11428  0.658658  0 0 3
 10

// #13 oslona zewnetrzna schodow
 1.11428  0.607992  0 0 1
 1.11428  0.658658  0 0 0
 1.20714  0.658658  0 1 0
 11
// schodek #14
// schodek_D
 1.20714  0.658658  0.57 0 1
 1.20714  0.709324  0.57 0 0
 1.20714  0.709324  0 3 0
 10

 1.20714  0.709324  0 3 0
 1.20714  0.658658  0 3 1
 1.20714  0.658658  0.57 0 1
 10

// schodek_F
 1.20714  0.709324  0 0 3
 1.20714  0.709324  0.57 0 0
 1.3  0.709324  0.57 1 0
 10

 1.3  0.709324  0.57 1 0
 1.3  0.709324  0 1 3
 1.20714  0.709324  0 0 3
 10

// #14 oslona zewnetrzna schodow
 1.20714  0.658658  0 0 1
 1.20714  0.709324  0 0 0
 1.3  0.709324  0 1 0
 11

// schodek #15 - szczytowy
// schodek_D
 1.3  0.709324  0.57 0 1
 1.3  0.760323  0.57 0 0
 1.3  0.760323  0 3 0
 10

 1.3  0.760323  0 3 0
 1.3  0.709324  0 3 1
 1.3  0.709324  0.57 0 1
 10

// schodek_F
 1.3  0.760323  -0.65 0 6.4
 1.3  0.760323  0.57 0 0
 1.78  0.760323  0.57 3 0
 10

 1.78  0.760323  0.57 3 0
 1.78  0.760323  -0.65 3 6.4
 1.3  0.760323  -0.65 0 6.4
 10

// PASKI TYCHZE SCHODOW ZAJEBISTYCH


// pasek #1
// pasek_A
0  0.050666  0.569 0 1
0  0.070666  0.569 0 0
 0.072857  0.070666  0.569 1 0
 10

 0.072857  0.070666  0.569 1 0
 0.072857  0.050666  0.569 1 1
0  0.050666  0.569 0 1
 10

// pasek #2
// pasek_A
 0.072857  0.101332  0.569 0 1
 0.072857  0.121332  0.569 0 0
 0.165714  0.121332  0.569 1 0
 10

 0.165714  0.121332  0.569 1 0
 0.165714  0.101332  0.569 1 1
 0.072857  0.101332  0.569 0 1
 10

// pasek #3
// pasek_A
 0.165714  0.151998  0.569 0 1
 0.165714  0.171998  0.569 0 0
 0.258571  0.171998  0.569 1 0
 10

 0.258571  0.171998  0.569 1 0
 0.258571  0.151998  0.569 1 1
 0.165714  0.151998  0.569 0 1
 10

// pasek #4
// pasek_A
 0.258571  0.202664  0.569 0 1
 0.258571  0.222664  0.569 0 0
 0.351428  0.222664  0.569 1 0
 10

 0.351428  0.222664  0.569 1 0
 0.351428  0.202664  0.569 1 1
 0.258571  0.202664  0.569 0 1
 10

// pasek #5
// pasek_A
 0.351428  0.25333  0.569 0 1
 0.351428  0.27333  0.569 0 0
 0.444285  0.27333  0.569 1 0
 10

 0.444285  0.27333  0.569 1 0
 0.444285  0.25333  0.569 1 1
 0.351428  0.25333  0.569 0 1
 10

// pasek #6
// pasek_A
 0.444285  0.303996  0.569 0 1
 0.444285  0.323996  0.569 0 0
 0.537142  0.323996  0.569 1 0
 10

 0.537142  0.323996  0.569 1 0
 0.537142  0.303996  0.569 1 1
 0.444285  0.303996  0.569 0 1
 10

// pasek #7
// pasek_A
 0.537142  0.354662  0.569 0 1
 0.537142  0.374662  0.569 0 0
 0.629999  0.374662  0.569 1 0
 10

 0.629999  0.374662  0.569 1 0
 0.629999  0.354662  0.569 1 1
 0.537142  0.354662  0.569 0 1
 10

// pasek #8
// pasek_A
 0.629999  0.405328  0.569 0 1
 0.629999  0.425328  0.569 0 0
 0.722856  0.425328  0.569 1 0
 10

 0.722856  0.425328  0.569 1 0
 0.722856  0.405328  0.569 1 1
 0.629999  0.405328  0.569 0 1
 10

// pasek #9
// pasek_A
 0.722856  0.455994  0.569 0 1
 0.722856  0.475994  0.569 0 0
 0.815713  0.475994  0.569 1 0
 10

 0.815713  0.475994  0.569 1 0
 0.815713  0.455994  0.569 1 1
 0.722856  0.455994  0.569 0 1
 10

// pasek #10
// pasek_A
 0.815713  0.50666  0.569 0 1
 0.815713  0.52666  0.569 0 0
 0.90857  0.52666  0.569 1 0
 10

 0.90857  0.52666  0.569 1 0
 0.90857  0.50666  0.569 1 1
 0.815713  0.50666  0.569 0 1
 10

// pasek #11
// pasek_A
 0.90857  0.557326  0.569 0 1
 0.90857  0.577326  0.569 0 0
 1.00143  0.577326  0.569 1 0
 10

 1.00143  0.577326  0.569 1 0
 1.00143  0.557326  0.569 1 1
 0.90857  0.557326  0.569 0 1
 10

// pasek #12
// pasek_A
 1.00143  0.607992  0.569 0 1
 1.00143  0.627992  0.569 0 0
 1.09428  0.627992  0.569 1 0
 10

 1.09428  0.627992  0.569 1 0
 1.09428  0.607992  0.569 1 1
 1.00143  0.607992  0.569 0 1
 10

// pasek #13
// pasek_A
 1.09428  0.658658  0.569 0 1
 1.09428  0.678658  0.569 0 0
 1.18714  0.678658  0.569 1 0
 10

 1.18714  0.678658  0.569 1 0
 1.18714  0.658658  0.569 1 1
 1.09428  0.658658  0.569 0 1
 10

// pasek #14
// pasek_A
 1.18714  0.709324  0.569 0 1
 1.18714  0.729324  0.569 0 0
 1.28  0.729324  0.569 1 0
 10

 1.28  0.729324  0.569 1 0
 1.28  0.709324  0.569 1 1
 1.18714  0.709324  0.569 0 1
 10

// pasek #15
// pasek_A
 1.28  0.75999  0.569 0 1
 1.28  0.77999  0.569 0 0
 1.37285  0.77999  0.569 1 0
 10

 1.37285  0.77999  0.569 1 0
 1.37285  0.75999  0.569 1 1
 1.28  0.75999  0.569 0 1
 10


// 15 #1
// 15_A
 0.072857  0.05066  0.569 0 1
 0.072857  0.10132  0.569 0 0
 0.092857  0.10132  0.569 1 0
 10

 0.092857  0.10132  0.569 1 0
 0.092857  0.05066  0.569 1 1
 0.072857  0.05066  0.569 0 1
 10

// 15 #2
// 15_A
 0.165714  0.10132  0.569 0 1
 0.165714  0.15198  0.569 0 0
 0.185714  0.15198  0.569 1 0
 10

 0.185714  0.15198  0.569 1 0
 0.185714  0.10132  0.569 1 1
 0.165714  0.10132  0.569 0 1
 10

// 15 #3
// 15_A
 0.258571  0.15198  0.569 0 1
 0.258571  0.20264  0.569 0 0
 0.278571  0.20264  0.569 1 0
 10

 0.278571  0.20264  0.569 1 0
 0.278571  0.15198  0.569 1 1
 0.258571  0.15198  0.569 0 1
 10

// 15 #4
// 15_A
 0.351428  0.20264  0.569 0 1
 0.351428  0.2533  0.569 0 0
 0.371428  0.2533  0.569 1 0
 10

 0.371428  0.2533  0.569 1 0
 0.371428  0.20264  0.569 1 1
 0.351428  0.20264  0.569 0 1
 10

// 15 #5
// 15_A
 0.444285  0.2533  0.569 0 1
 0.444285  0.30396  0.569 0 0
 0.464285  0.30396  0.569 1 0
 10

 0.464285  0.30396  0.569 1 0
 0.464285  0.2533  0.569 1 1
 0.444285  0.2533  0.569 0 1
 10

// 15 #6
// 15_A
 0.537142  0.30396  0.569 0 1
 0.537142  0.35462  0.569 0 0
 0.557142  0.35462  0.569 1 0
 10

 0.557142  0.35462  0.569 1 0
 0.557142  0.30396  0.569 1 1
 0.537142  0.30396  0.569 0 1
 10

// 15 #7
// 15_A
 0.629999  0.35462  0.569 0 1
 0.629999  0.40528  0.569 0 0
 0.649999  0.40528  0.569 1 0
 10

 0.649999  0.40528  0.569 1 0
 0.649999  0.35462  0.569 1 1
 0.629999  0.35462  0.569 0 1
 10

// 15 #8
// 15_A
 0.722856  0.40528  0.569 0 1
 0.722856  0.45594  0.569 0 0
 0.742856  0.45594  0.569 1 0
 10

 0.742856  0.45594  0.569 1 0
 0.742856  0.40528  0.569 1 1
 0.722856  0.40528  0.569 0 1
 10

// 15 #9
// 15_A
 0.815713  0.45594  0.569 0 1
 0.815713  0.5066  0.569 0 0
 0.835713  0.5066  0.569 1 0
 10

 0.835713  0.5066  0.569 1 0
 0.835713  0.45594  0.569 1 1
 0.815713  0.45594  0.569 0 1
 10

// 15 #10
// 15_A
 0.90857  0.5066  0.569 0 1
 0.90857  0.55726  0.569 0 0
 0.92857  0.55726  0.569 1 0
 10

 0.92857  0.55726  0.569 1 0
 0.92857  0.5066  0.569 1 1
 0.90857  0.5066  0.569 0 1
 10

// 15 #11
// 15_A
 1.00143  0.55726  0.569 0 1
 1.00143  0.60792  0.569 0 0
 1.02143  0.60792  0.569 1 0
 10

 1.02143  0.60792  0.569 1 0
 1.02143  0.55726  0.569 1 1
 1.00143  0.55726  0.569 0 1
 10

// 15 #12
// 15_A
 1.09428  0.60792  0.569 0 1
 1.09428  0.65858  0.569 0 0
 1.11428  0.65858  0.569 1 0
 10

 1.11428  0.65858  0.569 1 0
 1.11428  0.60792  0.569 1 1
 1.09428  0.60792  0.569 0 1
 10

// 15 #13
// 15_A
 1.18714  0.65858  0.569 0 1
 1.18714  0.70924  0.569 0 0
 1.20714  0.70924  0.569 1 0
 10

 1.20714  0.70924  0.569 1 0
 1.20714  0.65858  0.569 1 1
 1.18714  0.65858  0.569 0 1
 10

// 15 #14
// 15_A
 1.28  0.70924  0.569 0 1
 1.28  0.7599  0.569 0 0
 1.3  0.7599  0.569 1 0
 10

 1.3  0.7599  0.569 1 0
 1.3  0.70924  0.569 1 1
 1.28  0.70924  0.569 0 1
 10

// ERROR
// pasek szczytowy
 1.373	  0.75999  0.569 -0.55 1
 1.373  0.77999  0.569 -0.55 0
 1.78  0.77999  0.569 2 0
 10

 1.78  0.77999  0.569 2 0
 1.78  0.75999  0.569 2 1
 1.373  0.75999  0.569 -0.55 1
 10
