
NUMPOLLIES 10

// bufet1
 2.0  1.0  2.0 0.0 1.0
 2.0  1.0  3.0 0.0 0.0
 3.0  1.0  3.0 1.0 0.0

 2.0  0.0  2.0 0.0 6.0
 3.0  0.0  2.0 6.0 6.0
 3.0  0.0  3.0 6.0 0.0

// bufetsofy
 1.0  0.0  8.0 0.0 2.0
 1.0  0.0  10.0 0.0 0.0
 6.0  0.0  10.0 5.0 0.0

 1.0  0.0  8.0 0.0 2.0
 6.0  0.0  8.0 5.0 2.0
 6.0  0.0  10.0 5.0 0.0

// bufet2
-2.0  0.0  4.0 0.0 4.0
-2.0  0.0  8.0 0.0 0.0
 2.0  0.0  8.0 4.0 0.0

-2.0  0.0  4.0 0.0 4.0
 2.0  0.0  4.0 4.0 4.0
 2.0  0.0  8.0 4.0 0.0

// bufetkuchnia1
 0.0  0.0  0.0 0.0 2.0
 0.0  0.0  2.0 0.0 0.0
 6.0  0.0  2.0 6.0 0.0

 0.0  0.0  0.0 0.0 2.0
 0.0  0.0  6.0 6.0 2.0
 6.0  0.0  2.0 6.0 0.0

// bufettrojkaty
 0.0  0.0  2.0 0.0 2.0
 0.0  0.0  4.0 0.0 0.0
 2.0  0.0  4.0 2.0 0.0

 0.0  0.0  2.0 0.0 2.0
 2.0  0.0  2.0 2.0 2.0
 2.0  0.0  4.0 2.0 0.0

