
NUMPOLLIES 46

// blat_wierzch1
 0  0.5  0 0 1
 0  0.5  0.5 0 0
 0.5  0.5  0 1 0
 3

 0  0.5  0 0 1
 0.5  0.5  0 1 1
 0.5  0.5  0 1 0
 3

// blat_spod1
 0  0.475  0 0 1
 0  0.475  0.5 0 0
 0.5  0.475  0.5 1 0
 3

 0  0.475  0 0 1
 0.5  0.475  0 1 1
 0.5  0.475  0.5 1 0
 3

// blatA
 0  0.475  0 0 1
 0  0.5  0 0 0
 0.5  0.5  0 1 0
 3

 0  0.475  0 0 1
 0.5  0.475  0 1 1
 0.5  0.5  0 1 0
 3

// blatB
 0.5  0.475  0 0 1
 0.5  0.5  0 0 0
 0.5  0.5  0.5 1 0
 3

 0.5  0.475  0 0 1
 0.5  0.475  0.5 1 1
 0.5  0.5  0.5 1 0
 3

// blatC
 0.5  0.475  0.5 0 1
 0.5  0.5  0.5 0 0
 0  0.5  0.5 1 0
 3

 0.5  0.475  0.5 0 1
 0  0.475  0.5 1 1
 0  0.5  0.5 1 0
 3

// blatD
 0  0.475  0.5 0 1
 0  0.5  0.5 0 0
 0  0.5  0 1 0
 3

 0  0.475  0.5 0 1
 0  0.475  0 1 1
 0  0.5  0 1 0
 3

// lodygaA
 0.23  0.05  0.23 0 1
 0.23  0.475  0.23 0 0
 0.26  0.475  0.23 1 0
 3

 0.23  0.05  0.23 0 1
 0.26  0.05  0.23 1 1
 0.26  0.475  0.23 1 0
 3

// lodygaB
 0.26  0.05  0.23 0 1
 0.26  0.475  0.23 0 0
 0.26  0.475  0.26 1 0
 3

 0.26  0.05  0.23 0 1
 0.26  0.05  0.26 1 1
 0.26  0.475  0.26 1 0
 3

// lodygaC
 0.26  0.05  0.26 0 1
 0.26  0.475  0.26 0 0
 0.23  0.475  0.26 1 0
 3

 0.26  0.05  0.26 0 1
 0.23  0.05  0.26 1 1
 0.23  0.475  0.26 1 0
 3

// lodygaD
 0.23  0.05  0.26 0 1
 0.23  0.475  0.26 0 0
 0.23  0.475  0.23 1 0
 3

 0.23  0.05  0.26 0 1
 0.23  0.05  0.23 1 1
 0.23  0.475  0.23 1 0
 3

// zewnatrzA
 0.23  0  0.08 0 1
 0.23  0.5  0.08 0 0
 0.26  0.5  0.08 1 0
 3

 0.23  0  0.08 0 1
 0.26  0  0.08 1 1
 0.26  0.5  0.08 1 0
 3

// zewnatrzB
 0.42  0  0.23 0 1
 0.42  0.5  0.23 0 0
 0.42  0.5  0.26 1 0
 3

 0.42  0  0.23 0 1
 0.42  0  0.26 1 1
 0.42  0.5  0.26 1 0
 3

// zewnatrzC
 0.23  0  0.42 0 1
 0.23  0.5  0.42 0 0
 0.26  0.5  0.42 1 0
 3

 0.23  0  0.42 0 1
 0.26  0  0.42 1 1
 0.26  0.5  0.42 1 0
 3

// zewnatrzD
 0.08  0  0.26 0 1
 0.08  0.5  0.26 0 0
 0.08  0.5  0.23 1 0
 3

 0.08  0  0.26 0 1
 0.08  0  0.23 1 1
 0.08  0.5  0.23 1 0
 3

// dlugieA
 0.08  0  0.23 0 1
 0.08  0.05  0.23 0 0
 0.42  0.05  0.23 1 0
 3

 0.08  0  0.23 0 1
 0.42  0  0.23 1 1
 0.42  0.05  0.23 1 0
 3

// dlugieB
 0.08  0  0.26 0 1
 0.08  0.5  0.26 0 0
 0.42  0.5  0.26 1 0
 3

 0.08  0  0.26 0 1
 0.42  0  0.26 1 1
 0.42  0.5  0.26 1 0
 3

// dlugieC
 0.08  0.05  0.23 0 1
 0.08  0.05  0.26 0 0
 0.42  0.05  0.26 1 0
 3

 0.08  0.05  0.23 0 1
 0.42  0.05  0.23 1 1
 0.42  0.05  0.26 1 0
 3

// krotkieA
 0.23  0  0.23 0 1
 0.23  0.05  0.23 0 0
 0.23  0.05  0.08 1 0
 3

 0.23  0  0.23 0 1
 0.23  0  0.08 1 1
 0.23  0.05  0.08 1 0
 3

// krotkieB
 0.23  0  0.42 0 1
 0.23  0.05  0.42 0 0
 0.23  0.05  0.26 1 0
 3

 0.23  0  0.42 0 1
 0.23  0  0.26 1 1
 0.23  0.05  0.26 1 0
 3

// krotkieC
 0.26  0  0.08 0 1
 0.26  0.05  0.08 0 0
 0.26  0.05  0.23 1 0
 3

 0.26  0  0.08 0 1
 0.26  0  0.23 1 1
 0.26  0.05  0.23 1 0
 3

// krotkieD
 0.26  0  0.26 0 1
 0.26  0.05  0.26 0 0
 0.26  0.05  0.42 1 0
 3

 0.26  0  0.26 0 1
 0.26  0  0.42 1 1
 0.26  0.05  0.42 1 0
 3

// krotkieE
 0.23  0.05  0.08 0 1
 0.23  0.05  0.23 0 0
 0.26  0.05  0.23 1 0
 3

 0.23  0.05  0.08 0 1
 0.26  0.05  0.08 1 1
 0.26  0.05  0.23 1 0
 3

// krotkieF
 0.23  0.05  0.26 0 1
 0.26  0.05  0.46 0 0
 0.26  0.05  0.42 1 0
 3

 0.23  0.05  0.26 0 1
 0.23  0.05  0.42 1 1
 0.26  0.05  0.42 1 0
 3

