
NUMPOLLIES 92

// main_A
 0  1.62  0 0 2.25
 0  2.312  0 0 0
 6  2.312  0 17 0
2
 6  2.312  0 17 0
 6  1.62  0 17 2.25
 0  1.62  0 0 2.25
2

// main_A2
 0  2.928  0 0 2
 0  3.8295  0 0 0
 6  3.8295  0 17 0
2
 6  3.8295  0 17 0
 6  2.928  0 17 2
 0  2.928  0 0 2
2
// main_A3
 0  4.44  0 0 2
 0  5.352  0 0 0
 6  5.352  0 17 0
2
 6  5.352  0 17 0
 6  4.44  0 17 2
 0  4.44  0 0 2
2
// main_A4
 0  5.966  0 0 2
 0  6.614  0 0 0
 6  6.614  0 17 0
2
 6  6.614  0 17 0
 6  5.966  0 17 2
 0  5.966  0 0 2
2

// main_A_straight_top2A
 5.8  2.312  0 0 2
 5.8  2.928  0 0 0
 6  2.928  0 -0.5 0
2
 6  2.928  0 -0.5 0
 6  2.312  0 -0.5 2
 5.8  2.312  0 0 2
2
// main_A_straight_top2B
 0  2.312  0 0 2
 0  2.928  0 0 0
 0.2  2.928  0 0.5 0
2
 0.2  2.928  0 0.5 0
 0.2  2.312  0 0.5 2
 0  2.312  0 0 2
2
// main_A_straight_top3A
 5.8  3.8295  0 0 2
 5.8  4.44  0 0 0
 6  4.44  0 -0.5 0
2
 6  4.44  0 -0.5 0
 6  3.8295  0 -0.5 2
 5.8  3.8295  0 0 2
2
// main_A_straight_top3B
 0  3.8295  0 0 2
 0  4.44  0 0 0
 0.2  4.44  0 0.5 0
2
 0.2  4.44  0 0.5 0
 0.2  3.8295  0 0.5 2
 0  3.8295  0 0 2
2
// main_A_straight_top4A
 5.8  5.352  0 0 2
 5.8  5.966  0 0 0
 6  5.966  0 -0.5 0
2
 6  5.966  0 -0.5 0
 6  5.352  0 -0.5 2
 5.8  5.352  0 0 2
2
// main_A_straight_top4B
 0  5.352  0 0 2
 0  5.966  0 0 0
 0.2  5.966  0 0.5 0
2
 0.2  5.966  0 0.5 0
 0.2  5.352  0 0.5 2
 0  5.352  0 0 2
2
// main_B
 6  1.62  0 0 2.25
 6  2.312  0 0 0
 6  2.312  5.8 16.45 0
2
 6  2.312  5.8 16.45 0
 6  1.62  5.8 16.45 2.25
 6  1.62  0 0 2.25
2
// main_B2
 6  2.312  0 0 2
 6  2.928  0 0 0
 6  2.928  2.3 6.5 0
2
 6  2.928  2.3 6.5 0
 6  2.312  2.3 6.5 2
 6  2.312  0 0 2
2
// pierwsze okna - od dolu
// main_B3
 6  2.928  0 0 2
 6  3.8295   0 0 0
 6  3.8295   5.8 16.45 0
2
 6  3.8295   5.8 16.45 0
 6  2.928  5.8 16.45 2
 6  2.928  0 0 2
2
// main_B4
 6  3.8295  0 0 2
 6  4.44  0 0 0
 6  4.44  2.3 6.5 0
2
 6  4.44  2.3 6.5 0
 6  3.8295   2.3 6.5 2
 6  3.8295   0 0 2
2
// main_B5
 6  4.44  0 0 2
 6  5.352  0 0 0
 6  5.352  5.8 16.45 0
2
 6  5.352  5.8 16.45 0
 6  4.44   5.8 16.45 2
 6  4.44   0 0 2
2

// main_B6
 6  5.352  0 0 2
 6  5.966  0 0 0
 6  5.966  2.3 6.5 0
2
 6  5.966  2.3 6.5 0
 6  5.352   2.3 6.5 2
 6  5.352   0 0 2
2

// main_B7
 6  5.966  0 0 2
 6  6.614  0 0 0
 6  6.614  5.8 16.45 0
2
 6  6.614  5.8 16.45 0
 6  5.966   5.8 16.45 2
 6  5.966   0 0 2
2

// main_B_straight_top
 6  1.62  5.8 0 16.25
 6  6.614  5.8 0 0
 6  6.614  6 0.5 0
2
 6  6.614  6 0.5 0
 6  1.62  6 0.5 16.25
 6  1.62  5.8 0 16.25
2


// main_D
 0  1.62  6 0  14.25 
 0  6.614  6 0 0
 0  6.614  0 17 0
2

 0  6.614  0 17 0
 0  1.62  0 17  14.25
 0  1.62  6 0  14.25 
2

// main_F
 0  6.614  0 0 6
 0  6.614  6 0 0
 6  6.614  6 6 0
2
 6  6.614  6 6 0
 6  6.614  0 6 6
 0  6.614  0 0 6
2

// **************** dodatkowy pas 'zoltych' kafli - dla dokladnosci
// main_bottom_A
 0  0.33  0 0 4
 0  1.62  0 0 -0.81
 6  1.62  0 17 -0.81
2
 6  1.62  0 17 -0.81
 6  0.33  0 17 4
 0  0.33  0 0 4
2

// main_bottom_B
 6  0.33  0 0 4
 6  1.62 0 0 -0.81
 6  1.62  2.5 7.083 -0.81
2
 6  1.62  2.5 7.083 -0.81
 6  0.33  2.5 7.083 4
 6  0.33  0 0 4
2


// main_bottom_D
 0  0.33  2.5 -0.083 4
 0  1.62  2.5 -0.083 -0.81
 0  1.62  0 7 -0.81
2
 0  1.62  0 7 -0.81
 0  0.33  0 7 4
 0  0.33  2.5 -0.083 4
2



// *************** DOLNY PASEK BUDYNKU

// main_bottom_A
 0  0  0 0 1
 0  0.33  0 0 0
 6  0.33 0 17 0
1

 6  0.33  0 17 0
 6  0  0 17 1
 0  0  0 0 1
1

// main_bottom_B
 6  0  0 0 1
 6  0.33 0 0 0
 6  0.33  2.5 7 0
1
 6  0.33  2.5 7 0
 6  0  2.5 7 1
 6  0  0 0 1
1

// main_bottom_D
 0  0  2.5 0 1
 0  0.33  2.5 0 0
 0  0.33  0 7 0
1

 0  0.33  0 7 0
 0  0  0 7 1
 0  0  2.5 0 1
1
// *************** czesci wyzsze! przod i tyl
// main_bottom2_D
 0  0.57 6 10 0
 0  0.57 2.5 0 0
 0  0  2.5 0 1
 1
 0  0  2.5 0 1
 0  0  6 10 1
 0  0.57 6 10 0
 1


// main_bottom2_B
 6  0  2.5 0 1
 6  0.57 2.5 0 0
 6  0.57 6 10 0
 1
 6  0.57 6 10 0
 6  0  6 10 1
 6  0  2.5 0 1
 1


// polbrukowa otoczka budynku u podstway
 6.15  0  -0.15 0 0.4
 6.15  0.035 -0.15 0 0
 6.15  0.035 3.5 19 0
 6
 6.15  0.035 3.5 19 0
 6.15  0  3.5 19 0.4
 6.15  0  -0.15 0 0.4
 6

// polbrukowa otoczka budynku u podstway
 6.14  0.035 3.51 19 0
 6.14  0.035 -0.14 0 0
 6.14  0  -0.14 0 0.4
 6
 6.14  0  -0.14 0 0.4
 6.14  0  3.51 19 0.4
 6.14  0.035 3.51 19 0
 6

// polaczenie podstawy z rampa podjazdowa
 6.15  0  3.5 0 0.4
 6.15  0.035  3.5 0 0
 6.5  0 3.5 2 0
6
 6.5  0  3.5 2 0
 6.5  0  3.5 2 0.4
 6.15  0  3.5 0 0.4
6
// polaczenie podstawy z rampa podjazdowa2
 6.5  0 3.51 2 0
 6.15  0.035  3.51 0 0
 6.15  0  3.51 0 0.4
6
 6.15  0  3.51 0 0.4
 6.5  0  3.51 2 0.4
 6.5  0  3.51 2 0
6

// "sufit" polaczenia z rampa - podstawa od strony rampy
 6.14  0.035  -0.15 0 19
 6.14  0.035  3.51 0 -0.05
 6.15  0.035  3.51 0.2 -0.05
6
 6.15  0.035  3.51 0.2 -0.05
 6.15  0.035  -0.15 0.2 19
 6.14  0.035  -0.15 0 19
6

// "sufit" od rampy
 6.15  0.035  3.5 0 0.2
 6.15  0.035  3.51 0 0
 6.5  0  3.51 2 0
6
 6.5  0  3.51 2 0
 6.5  0  3.5 2 0.2
 6.15  0.035  3.5 0 0.2
6

// polaczenie podstawy z rampa podjazdowa
 6.15  0.035 3.51 0.2 0
 6.14  0.035  3.51 0 0
 6.14  0  3.51 0 0.4
6
 6.14  0  3.51 0 0.4
 6.15  0  3.51 0.2 0.4
 6.15  0.035  3.51 0.2 0
6

// betonowy pasek przy podstawie budynku - "poludnie"
 -0.15  0  -0.15 0 0
 -0.15  0.035  -0.15 0 0.4
 6.15  0.035 -0.15 32 0.4
6

 6.15  0.035  -0.15 32 0.4
 6.15  0  -0.15 32 0
 -0.15  0  -0.15 0 0 0
6
// betonowy pasek przy podstawie budynku - "poludnie"2
 6.14  0.035 -0.14 31.95 0.4
 -0.14  0.035  -0.14 0.05 0.4
 -0.14  0  -0.14 0.01 0
6

 -0.14  0  -0.14 0.05 0 0
 6.14  0  -0.14 31.95 0
 6.14  0.035  -0.14 31.95 0.4
6

// "sufit" betonowy pasek przy podstawie budynku - "poludnie"3
 -0.14  0.035  -0.15 0.05 0.2
 -0.14  0.035  -0.14 0.05 0
 6.14  0.035  -0.14 31.95 0
6
 6.14  0.035  -0.14 31.95 0
 6.14  0.035  -0.15 31.95 0.2
 -0.14  0.035  -0.15 0.05 0.2
6


// polbrukowa otoczka budynku u podstway - z tylu
 -0.15  0.035 3.5 19 0
 -0.15  0.035 -0.15 0 0
 -0.15  0  -0.15 0 0.4
 6
 -0.15  0  -0.15 0 0.4
 -0.15  0  3.5 19 0.4
 -0.15  0.035 3.5 19 0
 6

// polbrukowa otoczka budynku u podstway - z tylu
 -0.14  0  -0.14 0.05 0.4
 -0.14  0.035 -0.14 0.05 0
 -0.14  0.035 3.5 19 0
 6
 -0.14  0.035 3.5 19 0
 -0.14  0  3.5 19 0.4
 -0.14  0  -0.14 0.05 0.4
 6
// "sufit" polaczenia z rampa - podstawa od strony rampy - z tylu
 -0.14  0.035  -0.15 0 19
 -0.14  0.035  3.5 0 0
 -0.15  0.035  3.5 0.2 0
6
 -0.15  0.035  3.5 0.2 0
 -0.15  0.035  -0.15 0.2 19
 -0.14  0.035  -0.15 0 19
6

// kamyczki przy wejsciach glownych
 6  0.025  4 0 20
 6  0.025  6 0 0
 6.5  0.025  6 5 0
24
 6.5  0.025  6 5 0
 6.5  0.025  4 5 20
 6  0.025  4 0 20
24

// kamyczki przy wejsciach glownych2
 6  0.025  3.51 0 5
 6  0.025  4 0 0
 6.5  0.025  4 5 0
24
 6.5  0.025  4 5 0
 6.5  0  3.51 5 5
 6  0.025  3.51 0 5
24


// kamyczki przy wejsciach glownych3
 6  0.025  -0.14 0 36.5
 6  0.025  3.51 0 0
 6.14  0.025  3.51 1.4 0
24
 6.14  0.025  3.51 1.4 0
 6.14  0.025  -0.14 1.4 36.5
 6  0.025  -0.14 0 36.5
24

// kamyczki przy wejsciach glownych3
 -0.14  0.025  -0.14 0 36.5
 -0.14  0.025  3.51 0 0
 0  0.025  3.51 1.4 0
24
 0  0.025  3.51 1.4 0
 0  0.025  -0.14 1.4 36.5
 -0.14  0.025  -0.14 0 36.5
24

// kamyczki - "poludnie"
 0  0.025  -0.14 0 1.4
 0  0.025  0 0 0
 6  0.025  0 60 0
24
 6  0.025  0 60 0
 6  0.025  -0.14 60 1.4
 0  0.025  -0.14 0 1.4
24



// lacznie trojkatow : 10
