NUMPOLLIES 18

// *********************  podlogi i sufity
// podloga przy wejsciu
 0.00  0.0  0.000 0 0.2
 0.00  0.0  0.06 0 0
 1.00  0.0  0.06 6 0
22

 1.00  0.0  0.06 6 0
 1.00  0.0  0.0 6 0.2
 0.00  0.0  0.0 0 0.2
22
// podloga przy wejsciu2
 -3  0.0  0.06 0 6
 -3  0.0  1.06 0 0
 4  0.0  1.06 42 0
22

 4  0.0  1.06 42 0
 4  0.0  0.06 42 6
 -3  0.0  0.06 0 6
22

// podloga przy wejsciu2
 4  1.26  1.06 1 0
 -3  1.26  1.06 0 0
 -3  1.26  0.06 0 1
11
 -3  1.26  0.06 0 1
 4  1.26  0.06 1 1
 4  1.26  1.06 1 0
11

// ********************* SCIANY
// sciana_do_okien
4 1.26  0.06 1 0
0.95  1.26  0.06 0 0
0.95  0.02 0.06 0 1
 11
0.95  0.02  0.06 0 1
4  0.02  0.06 1 1
4  1.26  0.06 1 0
 11
// sciana_do_okien2
0 1.26  0.06 1 0
-3  1.26  0.06 0 0
-3  0.02 0.06 0 1
 11
-3  0.02  0.06 0 1
0  0.02  0.06 1 1
0  1.26  0.06 1 0
 11
// sciana naprzeciw_podstawka
-3  0.02 1.06 0 1
-3  1.26  1.06 0 0
4 1.26  1.06 1 0
 11
4  1.26  1.06 1 0
4  0.02  1.06 1 1
-3  0.02  1.06 0 1
 11

// ***************************PASKI
// pasek1
4 0.02  0.06 18 0
0.95  0.02  0.06 0 0
0.95  0.00 0.06 0 0.2
 22
0.95  0.00  0.06 0 0.2
4  0.00  0.06 18 0.2
4  0.02  0.06 18 0
 22
// pasek2
0 0.02  0.06 18 0
-3  0.02  0.06 0 0
-3  0.00 0.06 0 0.2
 22
-3  0.00  0.06 0 0.2
0  0.00  0.06 18 0.2
0  0.02  0.06 18 0
 22
// pasek naprzeciw
-3  0.00 1.06 0 0.02
-3  0.02  1.06 0 0
4 0.02  1.06 42 0
22
4  0.02  1.06 42 0
4  0.00  1.06 42 0.02
-3  0.00  1.06 0 0.02
22