
NUMPOLLIES 56

// podloga
 0.55  0.0  0.15 0 1
 0.55  0.0  2.37 0 0
 2.38  0.0  2.37 1 0
11

 2.38  0.0  2.37 1 0
 2.38  0.0  0.15 0.00
 0.55  0.0  0.15 0 1
11
// podloga - czerw 1
 0.47  0.0  0.07 0 1
 0.47  0.0  0.15 0 0
 2.46  0.0  0.15 1 0
28

 2.46  0.0  0.15 1 0
 2.46  0.0  0.07 0.00
 0.47  0.0  0.07 0 1
28
// podloga - czerw 2
 0.47  0.0  2.37 0 1
 0.47  0.0  2.45 0 0
 2.46  0.0  2.45 1 0
28

 2.46  0.0  2.45 1 0
 2.46  0.0  2.37 0.00
 0.47  0.0  2.37 0 1
28
// podloga - czerw 3
 2.38  0.0  0.15 0 1
 2.38  0.0  2.37 0 0
 2.46  0.0  2.37 1 0
28

 2.46  0.0  2.37 1 0
 2.46  0.0  0.15 0.00
 2.38  0.0  0.15 0 1
28
// podloga - czerw 4
 0.47  0.0  0.15 0 1
 0.47  0.0  2.37 0 0
 0.55  0.0  2.37 1 0
28

 0.55  0.0  2.37 1 0
 0.55  0.0  0.15 0.00
 0.47  0.0  0.15 0 1
28

// sufit
 2.46  1.352 2.45 1 0
 0.47  1.352 2.45 0 0
 0.47  1.352 0.07 0 1
11
 0.47  1.352 0.07 0 1
 2.46  1.352 0.07 0.00
 2.46  1.352 2.45 1 0
11

// ** SCIANY *******************
// tablice
2.46 1.352  0.07 1 0
0.47  1.352  0.07 0 0
0.47  0.05 0.07 0 1
 11
0.47  0.05  0.07 0 1
2.46  0.05  0.07 1 1
2.46  1.352  0.07 1 0
 11
// tylnia
0.47  0.05 2.45 0 1
0.47  1.352  2.45 0 0
2.46 1.352  2.45 1 0
 11
2.46  1.352  2.45 1 0
2.46  0.05  2.45 1 1
0.47  0.05  2.45 0 1
 11

// pod oknami
2.46  0.27  2.45 1 0
2.46  0.27  0.07 0 0
2.46  0.05  0.07 0 1
 11
2.46  0.05  0.07 0 1
2.46  0.05  2.45 1 1
2.46  0.27  2.45 1 0
 11

// kolumna 1
2.46  0.885  1.235 1 0
2.46  0.885  1.08 0.25
2.46  0.25  1.08 0 1
 11
2.46  0.27  1.08 0 1
2.46  0.27  1.235 1 1
2.46  0.885  1.235 1 0
 11
// kolumna 2
2.46  0.885  2.45 1 0
2.46  0.885  2.25 0.25
2.46  0.25  2.25 0 1
 11
2.46  0.27  2.25 0 1
2.46  0.27  2.45 1 1
2.46  0.885  2.45 1 0
 11
// nad oknami
2.46  1.352  2.45 1 0
2.46  1.352  0.07 0.885
2.46  0.885  0.07 0 1
 11
2.46  0.885  0.07 0 1
2.46  0.885  2.45 1 1
2.46  1.352  2.45 1 0
 11

// okien_wew_1_A
2.49 0.885  0.07 1 0
2.46  0.885  0.07 0 0
2.46  0.27 0.07 0 1
 11
2.46  0.27  0.07 0 1
2.49  0.27  0.07 1 1
2.49  0.885  0.07 1 0
 11
// okien_wew_2_A
2.49 0.885  1.2344 1 0
2.46  0.885  1.2344 0 0
2.46  0.27 1.2344 0 1
 11
2.46  0.27  1.2344 0 1
2.49  0.27  1.2344 1 1
2.49  0.885  1.2344 1 0
 11
// okien_wew_1_B
2.46  0.27 1.08 0 1
2.46  0.885  1.08 0 0
2.49 0.885  1.08 1 0
 11
2.49  0.885  1.08 1 0
2.49  0.27  1.08 1 1
2.46  0.27  1.08 0 1
 11
// okien_wew_2_B
2.46  0.27 2.25 0 1
2.46  0.885  2.25 0 0
2.49 0.885  2.25 1 0
 11
2.49  0.885  2.25 1 0
2.49  0.27  2.25 1 1
2.46  0.27  2.25 0 1
 11

// nad oknami_1_C
 2.49  0.885 2.25 1 0
 2.46  0.885 2.25 0 0
 2.46  0.885 1.235 0 1
11
 2.46  0.885 1.235 0 1
 2.49  0.885 1.235 0.00
 2.49  0.885 2.25 1 0
11
// nad_oknami_2_C
 2.49  0.885 1.08 1 0
 2.46  0.885 1.08 0 0
 2.46  0.885 0.07 0 1
11
 2.46  0.885 0.07 0 1
 2.49  0.885 0.07 0.00
 2.49  0.885 1.08 1 0
11
// pod oknami_1_C
 2.46  0.27 1.235 0 1
 2.46  0.27 2.25 0 0
 2.49  0.27 2.25 1 0
11
 2.49  0.27 2.25 1 0
 2.49  0.27 1.235 0.00
 2.46  0.27 1.235 0 1
11
// pod_oknami_2_C
 2.46  0.27 0.07 0 1
 2.46  0.27 1.08 0 0
 2.49  0.27 1.08 1 0
11
 2.49  0.27 1.08 1 0
 2.49  0.27 0.07 0.00
 2.46  0.27 0.07 0 1
11
// wejscia *********
// pierwsza
0.47  0.05  1.9 0 1
0.47  1.352  1.9 0 0
0.47  1.352  2.45 1 0
 11
0.47  1.352  2.45 1 0
0.47  0.05  2.45 1 1
0.47  0.05  1.9 0 1
 11
// nad drzwiami - druga
0.47  1.159  1.4 0 1
0.47  1.352  1.4 0 0
0.47  1.352  1.9 1 0
 11
0.47  1.352  1.9 1 0
0.47  1.159  1.9 1 1
0.47  1.159  1.4 0 1
 11
// i trzecia
0.47  0.05  0.07 0 1
0.47  1.352  0.07 0 0
0.47  1.352  1.4 1 0
 11
0.47  1.352  1.4 1 0
0.47  0.05  1.4 1 1
0.47  0.05  0.07 0 1
 11

// modyfikacja scian dla czerwonej podlogi
// pierwsza
0.47  0.0  1.9 0 1
0.47  0.05  1.9 0 0
0.47  0.05  2.45 1 0
 28
0.47  0.05  2.45 1 0
0.47  0.0  2.45 1 1
0.47  0.0  1.9 0 1
 28
// i trzecia
0.47  0.0  0.07 0 1
0.47  0.05  0.07 0 0
0.47  0.05  1.4 1 0
 28
0.47  0.05  1.4 1 0
0.47  0.0  1.4 1 1
0.47  0.0  0.07 0 1
 28
// pod oknami
2.46  0.05  2.45 1 0
2.46  0.05  0.07 0 0
2.46  0.0  0.07 0 1
 28
2.46  0.0  0.07 0 1
2.46  0.0  2.45 1 1
2.46  0.05  2.45 1 0
 28
// tablice
2.46 0.05  0.07 1 0
0.47  0.05  0.07 0 0
0.47  0.00 0.07 0 1
 28
0.47  0.00  0.07 0 1
2.46  0.00  0.07 1 1
2.46  0.05  0.07 1 0
 28
// tylnia
0.47  0.00 2.45 0 1
0.47  0.05  2.45 0 0
2.46 0.05  2.45 1 0
 28
2.46  0.05  2.45 1 0
2.46  0.00  2.45 1 1
0.47  0.00  2.45 0 1
 28