NUMPOLLIES 54
// ************************ paski przy podlodze4
// pasek naprzeciw windy UNO

-4  0.5188  2.8 0 0.2
-4  0.5388  2.8 0 0
-4  0.5388  4.02 9.8 0
 10

-4  0.5388  4.02 9.8 0
-4  0.5188 4.02 9.8 0.2
-4  0.5188  2.8 0 0.2
 10

// pasek naprzeciw windy DOS
-4  0.5188  4.02 -0.2 0.2
-4  0.5388  4.02 -0.2 0
-4  0.5388  4.8 5.75 0
 10

-4  0.5388  4.8 5.75 0
-4  0.5188 4.8 5.75 0.2
-4  0.5188  4.02 -0.2 0.2
 10

// pasek przy drzwiach do szatni2
-4  0.5188 2.77 0 0.2
-4  0.5388  2.77 0 0
-4  0.5388  2.8 0.2 0
 10

-4  0.5388  2.8 0.2 0
-4  0.5188  2.8 0.2 0.2
-4  0.5188  2.77 0 0.2
 10

// pasek przy windzie 4
-3.05  0.5188 4.62 0 0.2
-3.05  0.5388  4.62 0 0
-3.01 0.5388  4.62 0.3 0
 10
-3.01  0.5388  4.62 0.3 0
-3.01  0.5188  4.62 0.3 0.2
 -3.05  0.5188  4.62 0 0.2
 10
// pasek przy windzie 5
-3.01 0.5388  4.3 0.3 0
-3.05  0.5388  4.3 0 0
-3.05  0.5188 4.3 0 0.2
 10
-3.05  0.5188  4.3 0 0.2
-3.01  0.5188  4.3 0.3 0.2
-3.01  0.5388  4.3 0.3 0
 10
// pasek dodatkowy, tuz przy schodach (rog)
-3.05  0.5188 4.02 0 0.2
-3.05  0.5388  4.02 0 0
-3.0 0.5388  4.02 0.3 0
 10
-3.0  0.5388  4.02 0.3 0
-3.0  0.5188  4.02 0.3 0.2
 -3.05  0.5188  4.02 0 0.2
 10
// pasek dodatkowy, tuz przy schodach (rog2 - pionowy)
-3.017  0.5388 4.019 0 0.3
-3.017  0.589  4.019 0 0
-3.0 0.589  4.019 0.2 0
 10
-3.0  0.589  4.019 0.2 0
-3.0  0.5388  4.019 0.2 0.3
 -3.017  0.5388  4.019 0 0.3
 10

// pasek przy drzwiach do szatni
-3.05  0.5388  2.8 0.2 0
-3.05  0.5388  2.775 0 0
-3.05  0.5188 2.775 0 0.2
 10

-3.05  0.5188  2.775 0 0.2
-3.05  0.5188  2.8 0.2 0.2
-3.05  0.5388  2.8 0.2 0
 10
// pasek przy windzie 1
-3.05  0.5388  4.3 1.95 0
-3.05  0.5388  4.02 -0.2 0
-3.05  0.5188  4.02 -0.2 0.2
 10

-3.05  0.5188  4.02 -0.2 0.2
-3.05  0.5188  4.3 1.95 0.2
-3.05  0.5388  4.3 1.95 0
 10

// pasek przy windzie 2
-3.05  0.5388  4.8 0.75 0
-3.05  0.5388  4.62 -0.6 0
-3.05  0.5188 4.62 -0.6 0.2
 10

-3.05  0.5188  4.62 -0.6 0.2
-3.05  0.5188  4.8 0.75 0.2
-3.05  0.5388  4.8 0.75 0
 10


// ******************************** SCIANY

// sciana lacznika 1 (pomiedzy szatnia a holem)
-4  0.5388  2.8 0 1
-4  1.83  2.8 0 0
-4  1.83  4.86 1 0
 11

-4  1.83  4.86 1 0
-4  0.5388  4.86 1 1
-4  0.5388  2.8 0 1
 11

// sciana_drzwi_przy_szatni
-3.05  1.8299  2.8 1 0
-3.05  1.8299  2.74 0 0
-3.05  0.5388  2.74 0 1
 11

-3.05  0.5388  2.74 0 1
-3.05  0.5388  2.8 1 1
-3.05  1.8299  2.8 1 0
 11

// sciana_drzwi_przy_szatni 2
-4  0.5388  2.74 0 1
-4  1.83  2.74 0 0
-4  1.83  2.8 1 0
 11

-4  1.83  2.8 1 0
-4  0.5388  2.8 1 1
-4  0.5388  2.74 0 1
 11

// sciana przy windzie 1
-3.05  1.83  4.3 1 0
-3.05  1.83  4.02 0 0
-3.05  0.5388  4.02 0 1
 11

-3.05  0.5388  4.02 0 1
-3.05  0.5388  4.3 1 1
-3.05  1.83  4.3 1 0
 11

// sciana przy windzie 2
-3.05  1.83  4.86 1 0
-3.05  1.83  4.62 0 0
-3.05  0.5388  4.62 0 1
 11
-3.05  0.5388  4.62 0 1
-3.05  0.5388  4.86 1 1
-3.05  1.83  4.86 1 0
 11

// sciana przy windzie 3
-3.01 1.2797  4.3 1 0
-3.05  1.2797  4.3 0 0
-3.05  0.5388 4.3 0 1
 11
 -3.05  0.5388  4.3 0 1
-3.01  0.5388  4.3 1 1
-3.01  1.2797  4.3 1 0
 11
// sciana_przy_windzie 4
-3.05  0.5388 4.62 0 1
-3.05  1.2797  4.62 0 0
-3.01 1.2797  4.62 1 0
 11
-3.01  1.2797  4.62 1 0
-3.01  0.5388  4.62 1 1
 -3.05  0.5388  4.62 0 1
 11

// sciana przy windzie 6
-3.05  1.83  4.62 1 0
-3.05  1.83  4.3 0 0
-3.05  1.2797  4.3 0 1
 11

-3.05  1.2797  4.3 0 1
-3.05  1.2797  4.62 1 1
-3.05  1.83  4.62 1 0
 11

// sciana przy windzie 7
-3.01  1.2797  4.62 1 1
-3.05  1.2797  4.62 0 1
-3.05  1.2797  4.3 0 0
 11

-3.05  1.2797  4.3 0 0
-3.01  1.2797  4.3 1 0
-3.01 1.2797  4.62 1 1
 11
// sciana_przy_windzie 5 - do paska na rogu
-3.05  0.5388 4.02 0 1
-3.05  2.038  4.02 0 0
-1.2 2.038  4.02 1 0
 11
-1.2  2.038  4.02 1 0
-1.2  0.5388  4.02 1 1
 -3.05  0.5388  4.02 0 1
 11
// sciana_przy_windzie 5 - ponad paskiem na rogu
-3  0.518 4.02 0 1
-3  0.5388  4.02 0 0
-1.2 0.5388  4.02 1 0
 11
-1.2  0.5388  4.02 1 0
-1.2  0.518  4.02 1 1
 -3  0.518  4.02 0 1
 11

// *********************************************   3 dodatkowe scianki windy - szare

// sciana przy windzie gorna - szara
-3.00  1.2797  4.62 1 1
-3.01  1.2797  4.62 0 1
-3.01  1.2797  4.3 0 0
 16

-3.01  1.2797  4.3 0 0
-3.00  1.2797  4.3 1 0
-3.00 1.2797  4.62 1 1
 16
// sciana przy windzie - szara2
-3.0 1.2797  4.3 1 0
-3.01  1.2797  4.3 0 0
-3.01  0.5188 4.3 0 1
16
 -3.01  0.5188  4.3 0 1
-3.00  0.5188  4.3 1 1
-3.00  1.2797  4.3 1 0
16
// sciana przy windzie - szara3
-3.01  0.5188 4.62 0 1
-3.01  1.2797  4.62 0 0
-3.00 1.2797  4.62 1 0
16
-3.00  1.2797  4.62 1 0
-3.00  0.5188  4.62 1 1
 -3.01  0.5188  4.62 0 1
 16

// ******************** podlogi

// podloga roszrzerzajaca dla polpoziomow
// #1
-4  0.5188  4.02 0.3 -3.6
-4  0.5188  4.8 0.3 0
-3  0.5188  4.8 -6.02 0
10
-3  0.5188  4.8 -6.02 0
-3  0.5188  4.02 -6.02 -3.6
-4  0.5188  4.02 0.3 -3.6
10
// #2
-4  0.5188  2.8 0.3 0
-4  0.5188  4.02 0.3 6.4
-3.48  0.5188  4.02 -3 6.4
10
-3.48  0.5188  4.02 -3 6.4
-3.48  0.5188  2.8 -3 0
-4  0.5188  2.8 0.3 0
10
// #3 - przy wejsciu strona bibl.
-4  0.5188  2.765 0.3 0.2
-4  0.5188  2.8 0.3 0
-3  0.5188  2.8 -6.02 0
10
-3  0.5188  2.8 -6.02 0
-3  0.5188  2.765 -6.02 0.2
-4  0.5188  2.765 0.3 0.2
10