
NUMPOLLIES 212

// ************************* PODLOGI **************
// podloga - czesc pierwsza
-6.43  0.57 1.05 0 0
-6.43 0.57  2.77 0 11
-2.545  0.57  2.77 35 11
22
-2.545 0.57  2.77 35 11
-2.545  0.57  1.05 35 0
-6.43  0.57  1.05 0 0
 22

// sufit
-2.545  1.95  2.77 1 1
-6.43 1.95  2.77 0 1
-6.43  1.95 1.05 0 0
11
-6.43  1.95  1.05 0 0
-2.545  1.95  1.05 1 0
-2.545 1.95  2.77 1 1
11

// podloga biblioteki 1
-2.545  0.57 -3.17 0 0
-2.545 0.57  2.74 0 1
-0.58  0.57  2.74 1 1
11
-0.58 0.57  2.74 1 1
-0.58  0.57  -3.17 1 0
-2.545  0.57  -3.17 0 0
11
// podloga biblioteki 2
-6.43  0.57 -3.17 0 0
-6.43 0.57  1.05 0 1
-2.545  0.57  1.05 1 1
11
-2.545 0.57  1.05 1 1
-2.545  0.57  -3.17 1 0
-6.43  0.57  -3.17 0 0
11
// sufit biblioteki 1
-0.58  1.95  2.74 1 1
-2.545 1.95  2.74 0 1
-2.545  1.95 -3.17 0 0
11
-2.545  1.95  -3.17 0 0
-0.58  1.95  -3.17 1 0
-0.58 1.95  2.74 1 1
11
// sufit biblioteki 2
-2.545  1.95  1.05 1 1
-6.43 1.95  1.05 0 1
-6.43  1.95 -3.17 0 0
11
-6.43  1.95  -3.17 0 0
-2.545  1.95  -3.17 1 0
-2.545 1.95  1.05 1 1
11

// ************************ SCIANY ****************
// ********************** CZYTELNIA
// POD OKNAMI
 -4.5  0.59  -3.17 0 1
 -4.5  1.154  -3.17 0 0
 -6.43 1.154  -3.17 1 0
11
 -6.43 1.154  -3.17 1 0
 -6.43 0.59 -3.17 1 1
 -4.5  0.59  -3.17 0 1
11
// ponad oknami
 -4.5  1.77  -3.17 0 1
 -4.5  1.95  -3.17 0 0
 -6.43 1.95  -3.17 1 0
11
 -6.43 1.95  -3.17 1 0
 -6.43 1.77 -3.17 1 1
 -4.5  1.77  -3.17 0 1
11
// na lewo od okien
 -6.3  1.154  -3.17 0 1
 -6.3  1.77  -3.17 0 0
 -6.43 1.77  -3.17 1 0
11
 -6.43 1.77  -3.17 1 0
 -6.43 1.154 -3.17 1 1
 -6.3  1.154  -3.17 0 1
11
// na lewo od okien
 -4.5  1.154  -3.17 0 1
 -4.5  1.77  -3.17 0 0
 -4.54 1.77  -3.17 1 0
11
 -4.54 1.77  -3.17 1 0
 -4.54 1.154 -3.17 1 1
 -4.5  1.154  -3.17 0 1
11
// pod oknami
-6.3  1.154 -3.25 0 0
-6.3 1.154  -3.17 0 1
-4.54  1.154  -3.17 1 1
11
-4.54 1.154  -3.17 1 1
-4.54  1.154 -3.25 1 0
-6.3  1.154  -3.25 0 0
11
// pod oknami
-4.54  1.77  -3.17 1 1
-6.3 1.77  -3.17 0 1
-6.3  1.77 -3.25 0 0
11
-6.3  1.77  -3.25 0 0
-4.54  1.77 -3.25 1 0
-4.54 1.77  -3.17 1 1
11
// koncowka_okien_tylnych
 -4.54  1.77  -3.17 1 0
 -4.54  1.77 -3.25 0 0
 -4.54  1.154  -3.25 0 1
11
 -4.54  1.154  -3.25 0 1
 -4.54  1.154  -3.17 1 1
 -4.54  1.77  -3.17 1 0
11
// koncowka_okien_tylnych2
 -6.3  1.154  -3.25 0 1
 -6.3  1.77 -3.25 0 0
 -6.3  1.77  -3.17 1 0
11
 -6.3  1.77  -3.17 1 0
 -6.3  1.154  -3.17 1 1
 -6.3  1.154  -3.25 0 1
11
//************************ KONIEC CZYTELNI *********
// ******************** dziwny pokoj w bibliotece

// *********************** koniec dziwnego swiata
// main_bottom_A
 -0.58  0.59  -3.17 0 1
 -0.58  1.154  -3.17 0 0
 -2.545 1.154  -3.17 1 0
11
 -2.545 1.154  -3.17 1 0
 -2.545 0.59 -3.17 1 1
 -0.58  0.59  -3.17 0 1
11
// main_bottom_A2
 -0.58  1.77  -3.17 0 1
 -0.58  1.95  -3.17 0 0
 -2.545 1.95  -3.17 1 0
11
 -2.545 1.95  -3.17 1 0
 -2.545 1.77 -3.17 1 1
 -0.58  1.77  -3.17 0 1
11
// main_bottom_A3
 -0.58  1.154  -3.17 0 1
 -0.58  1.77  -3.17 0 0
 -0.7 1.77  -3.17 1 0
11
 -0.7 1.77  -3.17 1 0
 -0.7 1.154 -3.17 1 1
 -0.58  1.154  -3.17 0 1
11

// main_bottom_A3
 -2.47  1.154  -3.17 0 1
 -2.47  1.77  -3.17 0 0
 -2.545 1.77  -3.17 1 0
11
 -2.545 1.77  -3.17 1 0
 -2.545 1.154 -3.17 1 1
 -2.47  1.154  -3.17 0 1
11

// pod oknami
-2.47  1.154 -3.25 0 0
-2.47 1.154  -3.17 0 1
-0.7  1.154  -3.17 1 1
11
-0.7 1.154  -3.17 1 1
-0.7  1.154 -3.25 1 0
-2.47  1.154  -3.25 0 0
11
// pod oknami
-0.7  1.77  -3.17 1 1
-2.47 1.77  -3.17 0 1
-2.47  1.77 -3.25 0 0
11
-2.47  1.77  -3.25 0 0
-0.7  1.77 -3.25 1 0
-0.7 1.77  -3.17 1 1
11

// koncowka_okien_tylnych
 -0.7  1.77  -3.17 1 0
 -0.7  1.77 -3.25 0 0
 -0.7  1.154  -3.25 0 1
11
 -0.7  1.154  -3.25 0 1
 -0.7  1.154  -3.17 1 1
 -0.7  1.77  -3.17 1 0
11
// koncowka_okien_tylnych2
 -2.47  1.154  -3.25 0 1
 -2.47  1.77 -3.25 0 0
 -2.47  1.77  -3.17 1 0
11
 -2.47  1.77  -3.17 1 0
 -2.47  1.154  -3.17 1 1
 -2.47  1.154  -3.25 0 1
11
// ************ za oknami, sciana przy ksiegozbiorach
// do ksiegozbiorow1
 -2.545  0.59  -3.17 0 1
 -2.545  1.95 -3.17 0 0
 -2.545  1.95  -2.2 1 0
11
 -2.545  1.95  -2.2 1 0
 -2.545  0.59  -2.2 1 1
 -2.545  0.59  -3.17 0 1
11
// przy drugim wejsciu
 -2.545  0.59  1.05 0 1
 -2.545  1.95 1.05 0 0
 -2.545  1.95  2 1 0
11
 -2.545  1.95  2 1 0
 -2.545  0.59  2 1 1
 -2.545  0.59  1.05 0 1
11
// przy drugim wejsciu - po stronie szatni
 -2.605  1.95  2 1 0
 -2.605  1.95 1.05 0 0
 -2.605  0.59  1.05 0 1
11
 -2.605  0.59  1.05 0 1
 -2.605  0.59  2 1 1
 -2.605  1.95  2 1 0
11
// kolo skanerow - po stronei szatni
 -2.545  0.59  2.0 0 1
 -2.545  1.95  2.0 0 0
 -2.605 1.95  2.0 1 0
11
 -2.605 1.95  2.0 1 0
 -2.605 0.59 2.0 1 1
 -2.545  0.59  2.0 0 1
11
// do zewnatrz1
 -0.58  1.95  -0.75 1 0
 -0.58  1.95 -3.17 0 0
 -0.58  0.59  -3.17 0 1
11
 -0.58  0.59  -3.17 0 1
 -0.58  0.59  -0.75 1 1
 -0.58  1.95  -0.75 1 0
11
// do zewnatrz2 - ponad "filtrami"
 -0.58  1.95  2.12 1 0
 -0.58  1.95 -0.75 0 0
 -0.58  1.62  -0.75 0 1
11
 -0.58  1.62  -0.75 0 1
 -0.58  1.62  2.12 1 1
 -0.58  1.95  2.12 1 0
11
// do zewnatrz1
 -0.58  1.95  2.74 1 0
 -0.58  1.95 2.12 0 0
 -0.58  0.59  2.12 0 1
11
 -0.58  0.59  2.12 0 1
 -0.58  0.59  2.74 1 1
 -0.58  1.95  2.74 1 0
11
// przy wejsciu - rownolegla do tylow
 -3.05 1.95  2.74 1 0
 -0.58  1.95  2.74 0 0
 -0.58  0.59  2.74 0 1
11
 -0.58  0.59  2.74 0 1
 -3.05 0.59 2.74 1 1
 -3.05 1.95  2.74 1 0
11
// ponad wejsciem do szatni
 -4 1.95  2.74 1 0
 -3.05  1.95  2.74 0 0
 -3.05  1.83  2.74 0 1
11
 -3.05  1.83  2.74 0 1
 -4 1.83 2.74 1 1
 -4 1.95  2.74 1 0
11
// przy wejsciu do szatni - dalej do wewnatrz
 -5.8 1.95  2.74 1 0
 -4  1.95  2.74 0 0
 -4  0.59  2.74 0 1
11
 -4  0.59  2.74 0 1
 -5.8 0.59 2.74 1 1
 -5.8 1.95  2.74 1 0
11
// przy wejsciu do szatni - dalej do wewnatrz2 - przy oknach
 -6.49 1.95  2.74 1 0
 -6.3  1.95  2.74 0 0
 -6.3  0.59  2.74 0 1
11
 -6.3  0.59  2.74 0 1
 -6.49 0.59 2.74 1 1
 -6.49 1.95  2.74 1 0
11
// kolo skanerow
 -5.6 1.95  1.05 1 0
 -2.545  1.95  1.05 0 0
 -2.545  0.59  1.05 0 1
11
 -2.545  0.59  1.05 0 1
 -5.6 0.59 1.05 1 1
 -5.6 1.95  1.05 1 0
11
// kolo skanerow - po stronei szatni
 -2.545  0.59  1.11 0 1
 -2.545  1.95  1.11 0 0
 -5.6 1.95  1.11 1 0
11
 -5.6 1.95  1.11 1 0
 -5.6 0.59 1.11 1 1
 -2.545  0.59  1.11 0 1
11

// **************** kolumny w szatni
// kolumna 1 _ A
 -2.7  0.59  1.2 0 1
 -2.7  1.95  1.2 0 0
 -3.0 1.95  1.2 1 0
11
 -3.0 1.95  1.2 1 0
 -3.0 0.59 1.2 1 1
 -2.7  0.59  1.2 0 1
11
// kolumna 2 _ A
 -4.7  0.59  1.2 0 1
 -4.7  1.95  1.2 0 0
 -5.0 1.95  1.2 1 0
11
 -5.0 1.95  1.2 1 0
 -5.0 0.59 1.2 1 1
 -4.7  0.59  1.2 0 1
11
// kolumna 1 _ B
 -5.0  1.95  1.2 1 0
 -5.0  1.95 1.05 0 0
 -5.0  0.59  1.05 0 1
11
 -5.0  0.59  1.05 0 1
 -5.0  0.59  1.2 1 1
 -5.0  1.95  1.2 1 0
11
// kolumna 2 _ B
 -3.0  1.95  1.2 1 0
 -3.0  1.95 1.05 0 0
 -3.0  0.59  1.05 0 1
11
 -3.0  0.59  1.05 0 1
 -3.0  0.59  1.2 1 1
 -3.0  1.95  1.2 1 0
11
// kolumna 1 _ C
 -4.7  0.59  1.05 0 1
 -4.7  1.95 1.05 0 0
 -4.7  1.95  1.2 1 0
11
 -4.7  1.95  1.2 1 0
 -4.7  0.59  1.2 1 1
 -4.7  0.59  1.05 0 1
11
// kolumna 2 C
 -2.7  0.59  1.05 0 1
 -2.7  1.95 1.05 0 0
 -2.7  1.95  1.2 1 0
11
 -2.7  1.95  1.2 1 0
 -2.7  0.59  1.2 1 1
 -2.7  0.59  1.05 0 1
11

/// *********
// kolumna 3 _ A
 -2.85 1.95  2.65 1 0
 -2.7  1.95  2.65 0 0
 -2.7  0.59  2.65 0 1
11
 -2.7  0.59  2.65 0 1
 -2.85 0.59 2.65 1 1
 -2.85 1.95  2.65 1 0
11
// kolumna 4 _ A
 -4.85 1.95  2.65 1 0
 -4.7  1.95  2.65 0 0
 -4.7  0.59  2.65 0 1
11
 -4.7  0.59  2.65 0 1
 -4.85 0.59 2.65 1 1
 -4.85 1.95  2.65 1 0
11
// kolumna 3 _ B
 -4.85  1.95  2.74 1 0
 -4.85  1.95 2.65 0 0
 -4.85  0.59  2.65 0 1
11
 -4.85  0.59  2.65 0 1
 -4.85  0.59  2.74 1 1
 -4.85  1.95  2.74 1 0
11
// kolumna 4 _ B
 -2.85  1.95  2.74 1 0
 -2.85  1.95 2.65 0 0
 -2.85  0.59  2.65 0 1
11
 -2.85  0.59  2.65 0 1
 -2.85  0.59  2.74 1 1
 -2.85  1.95  2.74 1 0
11
// kolumna 3 _ C
 -4.7  0.59  2.65 0 1
 -4.7  1.95 2.65 0 0
 -4.7  1.95  2.74 1 0
11
 -4.7  1.95  2.74 1 0
 -4.7  0.59  2.74 1 1
 -4.7  0.59  2.65 0 1
11
// kolumna 4 C
 -2.7  0.59  2.65 0 1
 -2.7  1.95 2.65 0 0
 -2.7  1.95  2.74 1 0
11
 -2.7  1.95  2.74 1 0
 -2.7  0.59  2.74 1 1
 -2.7  0.59  2.65 0 1
11
// ****************** koniec kolumn w szatni


// ***************** fragmenty holu glownego
// od holu glownego, do biblioteki - wewnetrzna sciana
 -4  0.59  5 0 1
 -4  1.95  5 0 0
 -5.6 1.95  5 1 0
11
 -5.6 1.95  5 1 0
 -5.6 0.59 5 1 1
 -4  0.59  5 0 1
11
// przy toletach
 -5.6  1.95  5 1 0
 -5.6  1.95 3.2 0 0
 -5.6  0.59  3.2 0 1
11
 -5.6  0.59  3.2 0 1
 -5.6  0.59  5 1 1
 -5.6  1.95  5 1 0
11
// przy toletach2 - ponad
 -5.6  1.95  3.2 1 0
 -5.6  1.95 2.85 0 0
 -5.6  1.2  2.85 0 1
11
 -5.6  1.2  2.85 0 1
 -5.6  1.2  3.2 1 1
 -5.6  1.95  3.2 1 0
11
// przy toletach3 - koncowka
 -5.6  1.95  2.85 1 0
 -5.6  1.95 2.74 0 0
 -5.6  0.59  2.74 0 1
11
 -5.6  0.59  2.74 0 1
 -5.6  0.59  2.85 1 1
 -5.6  1.95  2.85 1 0
11
// od toalet - 1
 -6.3  0.59  2.8 0 1
 -6.3  1.95  2.8 0 0
 -6.43 1.95  2.8 1 0
11
 -6.43 1.95  2.8 1 0
 -6.43 0.59 2.8 1 1
 -6.3  0.59  2.8 0 1
11
// od toalet - 2
 -5.6  0.59  2.8 0 1
 -5.6  1.95  2.8 0 0
 -5.8 1.95  2.8 1 0
11
 -5.8 1.95  2.8 1 0
 -5.8 0.59 2.8 1 1
 -5.6  0.59  2.8 0 1
11
// od toalet - 3
 -6.43  0.59  2.84 0 1
 -6.43  1.95  2.84 0 0
 -6.49 1.95  2.84 1 0
11
 -6.49 1.95  2.84 1 0
 -6.49 0.59 2.84 1 1
 -6.43  0.59  2.84 0 1
11
// od toalet 4 - kolumna koncowka
 -6.43  0.59  2.8 0 1
 -6.43  1.95 2.8 0 0
 -6.43  1.95  2.84 1 0
11
 -6.43  1.95  2.84 1 0
 -6.43  0.59  2.84 1 1
 -6.43  0.59  2.8 0 1
11
// wejscie od toalet - szatnia - srodkowe
// od toalet 4 - kolumna koncowka
 -6.3  0.59  2.74 0 1
 -6.3  1.95 2.74 0 0
 -6.3  1.95  2.8 1 0
11
 -6.3  1.95  2.8 1 0
 -6.3  0.59  2.8 1 1
 -6.3  0.59  2.74 0 1
11
// od toalet 4 - kolumna koncowka
 -5.8  1.95  2.8 1 0
 -5.8  1.95 2.74 0 0
 -5.8  0.59  2.74 0 1
11
 -5.8  0.59  2.74 0 1
 -5.8  0.59  2.8 1 1
 -5.8  1.95  2.8 1 0
11
// po stronie szatni1!!**************

// mur przy wejscia - sciana1
 -6.43  0.59  2.15 0 1
 -6.43  1.95 2.15 0 0
 -6.43  1.95  2.74 1 0
11
 -6.43  1.95  2.74 1 0
 -6.43  0.59  2.74 1 1
 -6.43  0.59  2.15 0 1
11
// ponad przejsciem - 1
 -6.3 1.95  2.74 1 0
 -5.8  1.95  2.74 0 0
 -5.8  1.83  2.74 0 1
11
 -5.8  1.83  2.74 0 1
 -6.3 1.83 2.74 1 1
 -6.3 1.95  2.74 1 0
11
// ponad przejsciem - 2
 -5.8  1.83  2.8 0 1
 -5.8  1.95  2.8 0 0
 -6.3 1.95  2.8 1 0
11
 -6.3 1.95  2.8 1 0
 -6.3 1.83 2.8 1 1
 -5.8  1.83  2.8 0 1
11
// ponad przejsciem - 3
-5.8  1.83  2.8 1 1
-6.3 1.83  2.8 0 1
-6.3  1.83 2.74 0 0
11
-6.3  1.83  2.74 0 0
-5.8  1.83  2.74 1 0
-5.8 1.83  2.8 1 1
11

// wejscie do biblioteki, sciana przy oknach1
 -6.43  0.59  1.25 0 1
 -6.43  1.95  1.25 0 0
 -6.49 1.95  1.25 1 0
11
 -6.49 1.95  1.25 1 0
 -6.49 0.59 1.25 1 1
 -6.43  0.59  1.25 0 1
11
// wejscie do biblioteki, sciana przy oknach2
 -6.49 1.95  1.05 1 0
 -6.43  1.95  1.05 0 0
 -6.43  0.59  1.05 0 1
11
 -6.43  0.59  1.05 0 1
 -6.49 0.59 1.05 1 1
 -6.49 1.95  1.05 1 0
11
// koncowka wejscia biblioteki
 -6.43  0.59  1.05 0 1
 -6.43  1.95 1.05 0 0
 -6.43  1.95  1.25 1 0
11
 -6.43  1.95  1.25 1 0
 -6.43  0.59  1.25 1 1
 -6.43  0.59  1.05 0 1
11
// koncowka wejscia biblioteki2
 -5.6  1.95  1.11 1 0
 -5.6  1.95 1.05 0 0
 -5.6  0.59  1.05 0 1
11
 -5.6  0.59  1.05 0 1
 -5.6  0.59  1.11 1 1
 -5.6  1.95  1.11 1 0
11
// ponad oknami w szatni
 -6.43  1.62  1.25 0 1
 -6.43  1.95 1.25 0 0
 -6.43  1.95  2.84 1 0
11
 -6.43  1.95  2.84 1 0
 -6.43  1.62  2.84 1 1
 -6.43  1.62  1.25 0 1
11

// ********************************************************************************************
// **************************************************** PASKI CZAS ZACZAC**********************
// ********************************************************************************************

// main_bottom_A
 -0.58  0.57  -3.17 0 0.2
 -0.58  0.59  -3.17 0 0
 -2.545 0.59  -3.17 10 0
22
 -2.545 0.59  -3.17 10 0
 -2.545 0.57 -3.17 10 0.2
 -0.58  0.57  -3.17 0 0.2
22

// ************ za oknami, sciana przy ksiegozbiorach
// do ksiegozbiorow1
 -2.545  0.57  -3.17 0 0.2
 -2.545  0.59 -3.17 0 0
 -2.545  0.59  -2.2 5 0
22
 -2.545  0.59  -2.2 5 0
 -2.545  0.57  -2.2 5 0.2
 -2.545  0.57  -3.17 0 0.2
22
// przy drugim wejsciu
 -2.545  0.57  1.05 0 0.2
 -2.545  0.59 1.05 0 0
 -2.545  0.59  2 5 0
22
 -2.545  0.59  2 5 0
 -2.545  0.57  2 5 0.2
 -2.545  0.57  1.05 0 0.2
22
// przy drugim wejsciu - po stronie szatni
 -2.605  0.59  2 5 0
 -2.605  0.59 1.05 0 0
 -2.605  0.57  1.05 0 0.2
22
 -2.605  0.57  1.05 0 0.2
 -2.605  0.57  2 5 0.2
 -2.605  0.59  2 5 0
22
// kolo skanerow - po stronei szatni
 -2.545  0.57  2.0 0 0.2
 -2.545  0.59  2.0 0 0
 -2.605 0.59  2.0 0.25 0
22
 -2.605 0.59  2.0 0.25 0
 -2.605 0.57 2.0 0.25 1
 -2.545  0.57  2.0 0 0.2
22
// do zewnatrz1
 -0.58  0.59  -0.75 12 0
 -0.58  0.59 -3.17 0 0
 -0.58  0.57  -3.17 0 0.2
22
 -0.58  0.57  -3.17 0 0.2
 -0.58  0.57  -0.75 12 0.2
 -0.58  0.59  -0.75 12 0
22

// do zewnatrz1
 -0.58  0.59  2.74 4 0
 -0.58  0.59 2.12 0 0
 -0.58  0.57  2.12 0 0.2
22
 -0.58  0.57  2.12 0 0.2
 -0.58  0.57  2.74 4 0.2
 -0.58  0.59  2.74 4 0
22
// przy wejsciu - rownolegla do tylow
 -3.05 0.59  2.74 12.5 0
 -0.58  0.59  2.74 0 0
 -0.58  0.57  2.74 0 0.2
22
 -0.58  0.57  2.74 0 0.2
 -3.05 0.57 2.74 12.5 0.2
 -3.05 0.59  2.74 12.5 0
22

// przy wejsciu do szatni - dalej do wewnatrz
 -5.8 0.59  2.74 9 0
 -4  0.59  2.74 0 0
 -4  0.57  2.74 0 0.2
22
 -4  0.57  2.74 0 0.2
 -5.8 0.57 2.74 9 0.2
 -5.8 0.59  2.74 9 0
22
// przy wejsciu do szatni - dalej do wewnatrz2 - przy oknach
 -6.49 0.59  2.74 1 0
 -6.3  0.59  2.74 0 0
 -6.3  0.57  2.74 0 0.2
22
 -6.3  0.57  2.74 0 0.2
 -6.49 0.57 2.74 1 0.2
 -6.49 0.59  2.74 1 0
22
// kolo skanerow
 -5.6 0.59  1.05 15 0
 -2.545  0.59  1.05 0 0
 -2.545  0.57  1.05 0 0.2
22
 -2.545  0.57  1.05 0 0.2
 -5.6 0.57 1.05 15 0.2
 -5.6 0.59  1.05 15 0
22
// kolo skanerow - po stronei szatni
 -2.545  0.57  1.11 0 0.2
 -2.545  0.59  1.11 0 0
 -5.6 0.59  1.11 15 0
22
 -5.6 0.59  1.11 15 0
 -5.6 0.57 1.11 15 0.2
 -2.545  0.57  1.11 0 0.2
22

// **************** kolumny w szatni
// kolumna 1 _ A
 -2.7  0.57  1.2 0 0.2
 -2.7  0.59  1.2 0 0
 -3.0 0.59  1.2 2 0
22
 -3.0 0.59  1.2 2 0
 -3.0 0.57 1.2 2 0.2
 -2.7  0.57  1.2 0 0.2
22
// kolumna 2 _ A
 -4.7  0.57  1.2 0 0.2
 -4.7  0.59  1.2 0 0
 -5.0 0.59  1.2 2 0
22
 -5.0 0.59  1.2 2 0
 -5.0 0.57 1.2 2 0.2
 -4.7  0.57  1.2 0 0.2
22
// kolumna 1 _ B
 -5.0  0.59  1.2 1 0
 -5.0  0.59 1.05 0 0
 -5.0  0.57  1.05 0 0.2
22
 -5.0  0.57  1.05 0 0.2
 -5.0  0.57  1.2 1 0.2
 -5.0  0.59  1.2 1 0
22
// kolumna 2 _ B
 -3.0  0.59  1.2 1 0
 -3.0  0.59 1.05 0 0
 -3.0  0.57  1.05 0 0.2
22
 -3.0  0.57  1.05 0 0.2
 -3.0  0.57  1.2 1 0.2
 -3.0  0.59  1.2 1 0
22
// kolumna 1 _ C
 -4.7  0.57  1.05 0 0.2
 -4.7  0.59 1.05 0 0
 -4.7  0.59  1.2 1 0
22
 -4.7  0.59  1.2 1 0
 -4.7  0.57  1.2 1 0.2
 -4.7  0.57  1.05 0 0.2
22
// kolumna 2 C
 -2.7  0.57  1.05 0 0.2
 -2.7  0.59 1.05 0 0
 -2.7  0.59  1.2 1 0
22
 -2.7  0.59  1.2 1 0
 -2.7  0.57  1.2 1 0.2
 -2.7  0.57  1.05 0 0.2
22

/// *********
// kolumna 3 _ A
 -2.85 0.59  2.65 1 0
 -2.7  0.59  2.65 0 0
 -2.7  0.57  2.65 0 0.2
22
 -2.7  0.57  2.65 0 0.2
 -2.85 0.57 2.65 1 0.2
 -2.85 0.59  2.65 1 0
22
// kolumna 4 _ A
 -4.85 0.59  2.65 1 0
 -4.7  0.59  2.65 0 0
 -4.7  0.57  2.65 0 0.2
22
 -4.7  0.57  2.65 0 0.2
 -4.85 0.57 2.65 1 0.2
 -4.85 0.59  2.65 1 0
22
// kolumna 3 _ B
 -4.85  0.59  2.74 1 0
 -4.85  0.59 2.65 0 0
 -4.85  0.57  2.65 0 0.2
22
 -4.85  0.57  2.65 0 0.2
 -4.85  0.57  2.74 1 0.2
 -4.85  0.59  2.74 1 0
22
// kolumna 4 _ B
 -2.85  0.59  2.74 1 0
 -2.85  0.59 2.65 0 0
 -2.85  0.57  2.65 0 0.2
22
 -2.85  0.57  2.65 0 0.2
 -2.85  0.57  2.74 1 0.2
 -2.85  0.59  2.74 1 0
22
// kolumna 3 _ C
 -4.7  0.57  2.65 0 0.2
 -4.7  0.59 2.65 0 0
 -4.7  0.59  2.74 1 0
22
 -4.7  0.59  2.74 1 0
 -4.7  0.57  2.74 1 0.2
 -4.7  0.57  2.65 0 0.2
22
// kolumna 4 C
 -2.7  0.57  2.65 0 0.2
 -2.7  0.59 2.65 0 0
 -2.7  0.59  2.74 1 0
22
 -2.7  0.59  2.74 1 0
 -2.7  0.57  2.74 1 0.2
 -2.7  0.57  2.65 0 0.2
22
// ****************** koniec kolumn w szatni


// ***************** fragmenty holu glownego
// od holu glownego, do biblioteki - wewnetrzna sciana
 -4  0.57  5 0 0.2
 -4  0.59  5 0 0
 -5.6 0.59  5 8 0
22
 -5.6 0.59  5 8 0
 -5.6 0.57 5 8 0.2
 -4  0.57  5 0 0.2
22
// przy toletach
 -5.6  0.59  5 9 0
 -5.6  0.59 3.2 0 0
 -5.6  0.57  3.2 0 0.2
22
 -5.6  0.57  3.2 0 0.2
 -5.6  0.57  5 9 0.2
 -5.6  0.59  5 9 0
22

// przy toletach3 - koncowka
 -5.6  0.59  2.85 0.5 0
 -5.6  0.59 2.74 0 0
 -5.6  0.57  2.74 0 0.2
22
 -5.6  0.57  2.74 0 0.2
 -5.6  0.57  2.85 0.5 0.2
 -5.6  0.59  2.85 0.5 0
22
// od toalet - 1
 -6.3  0.57  2.8 0 0.2
 -6.3  0.59  2.8 0 0
 -6.43 0.59  2.8 1 0
22
 -6.43 0.59  2.8 1 0
 -6.43 0.57 2.8 1 0.2
 -6.3  0.57  2.8 0 0.2
22
// od toalet - 2
 -5.6  0.57  2.8 0 0.2
 -5.6  0.59  2.8 0 0
 -5.8 0.59  2.8 1 0
22
 -5.8 0.59  2.8 1 0
 -5.8 0.57 2.8 1 0.2
 -5.6  0.57  2.8 0 0.2
22
// od toalet - 3
 -6.43  0.57  2.84 0 0.2
 -6.43  0.59  2.84 0 0
 -6.49 0.59  2.84 0.5 0
22
 -6.49 0.59  2.84 0.5 0
 -6.49 0.57 2.84 0.5 0.2
 -6.43  0.57  2.84 0 0.2
22
// od toalet 4 - kolumna koncowka
 -6.43  0.57  2.8 0 0.2
 -6.43  0.59 2.8 0 0
 -6.43  0.59  2.84 0.25 0
22
 -6.43  0.59  2.84 0.25 0
 -6.43  0.57  2.84 0.25 0.2
 -6.43  0.57  2.8 0 0.2
22
// wejscie od toalet - szatnia - srodkowe
// od toalet 4 - kolumna koncowka
 -6.3  0.57  2.74 0 0.2
 -6.3  0.59 2.74 0 0
 -6.3  0.59  2.8 0.25 0
22
 -6.3  0.59  2.8 0.25 0
 -6.3  0.57  2.8 0.25 0.2
 -6.3  0.57  2.74 0 0.2
22
// od toalet 4 - kolumna koncowka
 -5.8  0.59  2.8 0.25 0
 -5.8  0.59 2.74 0 0
 -5.8  0.57  2.74 0 0.2
22
 -5.8  0.57  2.74 0 0.2
 -5.8  0.57  2.8 0.25 0.2
 -5.8  0.59  2.8 0.25 0
22
// po stronie szatni1!!**************

// mur przy wejscia - sciana1
 -6.43  0.57  2.15 0 0.2
 -6.43  0.59 2.15 0 0
 -6.43  0.59  2.74 3 0
22
 -6.43  0.59  2.74 3 0
 -6.43  0.57  2.74 3 0.2
 -6.43  0.57  2.15 0 0.2
22

// wejscie do biblioteki, sciana przy oknach1
 -6.43  0.57  1.25 0 0.2
 -6.43  0.59  1.25 0 0
 -6.49 0.59  1.25 0.25 0
22
 -6.49 0.59  1.25 0.25 0
 -6.49 0.57 1.25 0.25 0.2
 -6.43  0.57  1.25 0 0.2
22
// wejscie do biblioteki, sciana przy oknach2
 -6.49 0.59  1.05 0.25 0
 -6.43  0.59  1.05 0 0
 -6.43  0.57  1.05 0 0.2
22
 -6.43  0.57  1.05 0 0.2
 -6.49 0.57 1.05 0.25 0.2
 -6.49 0.59  1.05 0.25 0
22
// koncowka wejscia biblioteki
 -6.43  0.57  1.05 0 0.2
 -6.43  0.59 1.05 0 0
 -6.43  0.59  1.25 1 0
22
 -6.43  0.59  1.25 1 0
 -6.43  0.57  1.25 1 0.2
 -6.43  0.57  1.05 0 0.2
22
// koncowka wejscia biblioteki2
 -5.6  0.59  1.11 0.25 0
 -5.6  0.59 1.05 0 0
 -5.6  0.57  1.05 0 0.2
22
 -5.6  0.57  1.05 0 0.2
 -5.6  0.57  1.11 0.25 0.2
 -5.6  0.59  1.11 0.25 0
22

// przy wejsciu glownym
 -4  0.57  2.74 0 0.2
 -4  0.59 2.74 0 0
 -4  0.59  2.78 0.25 0
22
 -4  0.59  2.78 0.25 0
 -4  0.57  2.78 0.25 0.2
 -4  0.57  2.74 0 0.2
22

// przy wejsciu glownym2
 -3.05  0.59  2.78 0.25 0
 -3.05  0.59 2.74 0 0
 -3.05  0.57  2.74 0 0.2
22
 -3.05  0.57  2.74 0 0.2
 -3.05  0.57  2.78 0.25 0.2
 -3.05  0.59  2.78 0.25 0
22

// ***************************************************** KONIEC PASKOW