

NUMPOLLIES 224


// ********************* RAMY GRUBE OKIEN SRODKA

// ramka_lewa_A
 0.05  1.6252  0 0 1
 0.05  6  0 0 0
 0.1  6  0 1 0
 9

 0.1  6  0 1 0
 0.1  1.6252  0 1 1
 0.05  1.6252  0 0 1
 9

// ramka_lewa_B
 0.1  1.6252  0 0 1
 0.1  6  0 0 0
 0.1  6  0.02 1 0
 9

 0.1  6  0.02 1 0
 0.1  1.6252  0.02 1 1
 0.1  1.6252  0 0 1
 9

// ramka_lewa_C
 0.1  1.6252  0.02 0 1
 0.1  6  0.02 0 0
 0.05  6  0.02 1 0
 9

 0.05  6  0.02 1 0
 0.05  1.6252  0.02 1 1
 0.1  1.6252  0.02 0 1
 9

// ramka_lewa_D
 0.05  1.6252  0.02 0 1
 0.05  6  0.02 0 0
 0.05  6  0 1 0
 9

 0.05  6  0 1 0
 0.05  1.6252  0 1 1
 0.05  1.6252  0.02 0 1
 9

// ramka_lewa_E
 0.05  1.6252  0.02 0 1
 0.05  1.6252  0 0 0
 0.1  1.6252  0 1 0
 9

 0.1  1.6252  0 1 0
 0.1  1.6252  0.02 1 1
 0.05  1.6252  0.02 0 1
 9

// ramka_lewa_F
 0.05  6  0 0 1
 0.05  6  0.02 0 0
 0.1  6  0.02 1 0
 9

 0.1  6  0.02 1 0
 0.1  6  0 1 1
 0.05  6  0 0 1
 9

// ramka_prawa_A
 0.05  1.6252  5.03 0 1
 0.05  6  5.03 0 0
 0.1  6  5.03 1 0
 9

 0.1  6  5.03 1 0
 0.1  1.6252  5.03 1 1
 0.05  1.6252  5.03 0 1
 9

// ramka_prawa_B
 0.1  1.6252  5.03 0 1
 0.1  6  5.03 0 0
 0.1  6  5.05 1 0
 9

 0.1  6  5.05 1 0
 0.1  1.6252  5.05 1 1
 0.1  1.6252  5.03 0 1
 9

// ramka_prawa_C
 0.1  1.6252  5.05 0 1
 0.1  6  5.05 0 0
 0.05  6  5.05 1 0
 9

 0.05  6  5.05 1 0
 0.05  1.6252  5.05 1 1
 0.1  1.6252  5.05 0 1
 9

// ramka_prawa_D
 0.05  1.6252  5.05 0 1
 0.05  6  5.05 0 0
 0.05  6  5.03 1 0
 9

 0.05  6  5.03 1 0
 0.05  1.6252  5.03 1 1
 0.05  1.6252  5.05 0 1
 9

// ramka_prawa_E
 0.05  1.6252  5.05 0 1
 0.05  1.6252  5.03 0 0
 0.1  1.6252  5.03 1 0
 9

 0.1  1.6252  5.03 1 0
 0.1  1.6252  5.05 1 1
 0.05  1.6252  5.05 0 1
 9

// ramka_prawa_F
 0.05  6  5.03 0 1
 0.05  6  5.05 0 0
 0.1  6  5.05 1 0
 9

 0.1  6  5.05 1 0
 0.1  6  5.03 1 1
 0.05  6  5.03 0 1
 9

// ramka_dolna_B
 0.1  1.6252  0.02 0 1
 0.1  1.6452  0.02 0 0
 0.1  1.6452  5.03 1 0
 9

 0.1  1.6452  5.03 1 0
 0.1  1.6252  5.03 1 1
 0.1  1.6252  0.02 0 1
 9

// ramka_dolna_D
 0.05  1.6252  5.03 0 1
 0.05  1.6452  5.03 0 0
 0.05  1.6452  0.02 1 0
 9

 0.05  1.6452  0.02 1 0
 0.05  1.6252  0.02 1 1
 0.05  1.6252  5.03 0 1
 9

// ramka_dolna_E
 0.05  1.6252  5.03 0 1
 0.05  1.6252  0.02 0 0
 0.1  1.6252  0.02 1 0
 9

 0.1  1.6252  0.02 1 0
 0.1  1.6252  5.03 1 1
 0.05  1.6252  5.03 0 1
 9

// ramka_dolna_F
 0.05  1.6452  0.02 0 1
 0.05  1.6452  5.03 0 0
 0.1  1.6452  5.03 1 0
 9

 0.1  1.6452  5.03 1 0
 0.1  1.6452  0.02 1 1
 0.05  1.6452  0.02 0 1
 9

// ramka_gorna_B
 0.1  5.98  0.02 0 1
 0.1  6  0.02 0 0
 0.1  6  5.03 1 0
 9

 0.1  6  5.03 1 0
 0.1  5.98  5.03 1 1
 0.1  5.98  0.02 0 1
 9

// ramka_gorna_D
 0.05  5.98  5.03 0 1
 0.05  6  5.03 0 0
 0.05  6  0.02 1 0
 9

 0.05  6  0.02 1 0
 0.05  5.98  0.02 1 1
 0.05  5.98  5.03 0 1
 9

// ramka_gorna_E
 0.05  5.98  5.03 0 1
 0.05  5.98  0.02 0 0
 0.1  5.98  0.02 1 0
 9

 0.1  5.98  0.02 1 0
 0.1  5.98  5.03 1 1
 0.05  5.98  5.03 0 1
 9

// ramka_gorna_F
 0.05  6  0.02 0 1
 0.05  6  5.03 0 0
 0.1  6  5.03 1 0
 9

 0.1  6  5.03 1 0
 0.1  6  0.02 1 1
 0.05  6  0.02 0 1
 9


// ****************************** RAMY PALETY

// pionowa_B
 0.1  1.6452  0.02 0 1
 0.1  5.98  0.02 0 0
 0.1  5.98  0.03 1 0
 5

 0.1  5.98  0.03 1 0
 0.1  1.6452  0.03 1 1
 0.1  1.6452  0.02 0 1
 5

// pionowa_C
 0.1  1.6452  0.03 0 1
 0.1  5.98  0.03 0 0
 0.09  5.98  0.03 1 0
 5

 0.09  5.98  0.03 1 0
 0.09  1.6452  0.03 1 1
 0.1  1.6452  0.03 0 1
 5

// pionowa_D
 0.09  1.6452  0.03 0 1
 0.09  5.98  0.03 0 0
 0.09  5.98  0.02 1 0
 5

 0.09  5.98  0.02 1 0
 0.09  1.6452  0.02 1 1
 0.09  1.6452  0.03 0 1
 5

// pozioma_B
 0.1002  1.6452  0.03 0 1
 0.1002  1.6552  0.03 0 0
 0.1002  1.6552  5.02 1 0
 5

 0.1002  1.6552  5.02 1 0
 0.1002  1.6452  5.02 1 1
 0.1002  1.6452  0.03 0 1
 5

// pozioma_D
 0.08998  1.6452  5.02 0 1
 0.08998  1.6552  5.02 0 0
 0.08998  1.6552  0.03 1 0
 5

 0.08998  1.6552  0.03 1 0
 0.08998  1.6452  0.03 1 1
 0.08998  1.6452  5.02 0 1
 5

// pozioma_F
 0.08998  1.6552  0.03 0 1
 0.08998  1.6552  5.02 0 0
 0.1002  1.6552  5.02 1 0
 5

 0.1002  1.6552  5.02 1 0
 0.1002  1.6552  0.03 1 1
 0.08998  1.6552  0.03 0 1
 5



// pozioma_gora_B
 0.1002  5.97  0.03 0 1
 0.1002  5.98  0.03 0 0
 0.1002  5.98  5.02 1 0
 5

 0.1002  5.98  5.02 1 0
 0.1002  5.97  5.02 1 1
 0.1002  5.97  0.03 0 1
 5

// pozioma_gora_D
 0.08998  5.97  5.02 0 1
 0.08998  5.98  5.02 0 0
 0.08998  5.98  0.03 1 0
 5

 0.08998  5.98  0.03 1 0
 0.08998  5.97  0.03 1 1
 0.08998  5.97  5.02 0 1
 5

// pozioma_gora_E
 0.08998  5.97  5.02 0 1
 0.08998  5.97  0.03 0 0
 0.1002  5.97  0.03 1 0
 5

 0.1002  5.97  0.03 1 0
 0.1002  5.97  5.02 1 1
 0.08998  5.97  5.02 0 1
 5

// ************************* 3 pozioma

// pozioma_B3
 0.1002  1.97581 0.03 0 1
 0.1002  1.98581 0.03 0 0
 0.1002  1.98581 5.02 1 0
 5

 0.1002  1.98581 5.02 1 0
 0.1002  1.97581 5.02 1 1
 0.1002  1.97581 0.03 0 1
 5

// pozioma_D3
 0.08998  1.97581 5.02 0 1
 0.08998  1.98581 5.02 0 0
 0.08998  1.98581 0.03 1 0
 5

 0.08998  1.98581 0.03 1 0
 0.08998  1.97581 0.03 1 1
 0.08998  1.97581 5.02 0 1
 5

// pozioma_E3
 0.08998  1.97581 5.02 0 1
 0.08998  1.97581 0.03 0 0
 0.1002  1.97581 0.03 1 0
 5

 0.1002  1.97581 0.03 1 0
 0.1002  1.97581 5.02 1 1
 0.08998  1.97581 5.02 0 1
 5


// pozioma_F3
 0.08998  1.98581 5.02 0 1
 0.08998  1.98581 0.03 0 0
 0.1002  1.98581 0.03 1 0
 5

 0.1002  1.98581 0.03 1 0
 0.1002  1.98581 5.02 1 1
 0.08998  1.98581 5.02 0 1
 5


// ************************* 4 pozioma

// pozioma_B4
 0.1002  2.607 0.03 0 1
 0.1002  2.617 0.03 0 0
 0.1002  2.617 5.02 1 0
 5

 0.1002  2.617 5.02 1 0
 0.1002  2.607 5.02 1 1
 0.1002  2.607 0.03 0 1
 5

// pozioma_D4
 0.08998  2.607 5.02 0 1
 0.08998  2.617 5.02 0 0
 0.08998  2.617 0.03 1 0
 5

 0.08998  2.617 0.03 1 0
 0.08998  2.607 0.03 1 1
 0.08998  2.607 5.02 0 1
 5

// pozioma_E4
 0.08998  2.607 5.02 0 1
 0.08998  2.607 0.03 0 0
 0.1002  2.607 0.03 1 0
 5

 0.1002  2.607 0.03 1 0
 0.1002  2.607 5.02 1 1
 0.08998  2.607 5.02 0 1
 5


// pozioma_F4
 0.08998  2.617 5.02 0 1
 0.08998  2.617 0.03 0 0
 0.1002  2.617 0.03 1 0
 5

 0.1002  2.617 0.03 1 0
 0.1002  2.617 5.02 1 1
 0.08998  2.617 5.02 0 1
 5



// ************************************* 5 pozioma

// pozioma_B5
 0.1002  3.23819 0.03 0 1
 0.1002  3.24819 0.03 0 0
 0.1002  3.24819 5.02 1 0
 5

 0.1002  3.24819 5.02 1 0
 0.1002  3.23819 5.02 1 1
 0.1002  3.23819 0.03 0 1
 5

// pozioma_D5
 0.08998  3.23819 5.02 0 1
 0.08998  3.24819 5.02 0 0
 0.08998  3.24819 0.03 1 0
 5

 0.08998  3.24819 0.03 1 0
 0.08998  3.23819 0.03 1 1
 0.08998  3.23819 5.02 0 1
 5

// pozioma_E5
 0.08998  3.23819 5.02 0 1
 0.08998  3.23819 0.03 0 0
 0.1002  3.23819 0.03 1 0
 5

 0.1002  3.23819 0.03 1 0
 0.1002  3.23819 5.02 1 1
 0.08998  3.23819 5.02 0 1
 5

// pozioma_F5
 0.08998  3.24819 5.02 0 1
 0.08998  3.24819 0.03 0 0
 0.1002  3.24819 0.03 1 0
 5

 0.1002  3.24819 0.03 1 0
 0.1002  3.24819 5.02 1 1
 0.08998  3.24819 5.02 0 1
 5


// ************************************* 6 pozioma

// pozioma_B6
 0.1002  3.86938 0.03 0 1
 0.1002  3.87938 0.03 0 0
 0.1002  3.87938 5.02 1 0
 5

 0.1002  3.87938 5.02 1 0
 0.1002  3.86938 5.02 1 1
 0.1002  3.86938 0.03 0 1
 5

// pozioma_D6
 0.08998  3.86938 5.02 0 1
 0.08998  3.87938 5.02 0 0
 0.08998  3.87938 0.03 1 0
 5

 0.08998  3.87938 0.03 1 0
 0.08998  3.86938 0.03 1 1
 0.08998  3.86938 5.02 0 1
 5

// pozioma_E6
 0.08998  3.86938 5.02 0 1
 0.08998  3.86938 0.03 0 0
 0.1002  3.86938 0.03 1 0
 5

 0.1002  3.86938 0.03 1 0
 0.1002  3.86938 5.02 1 1
 0.08998  3.86938 5.02 0 1
 5


// pozioma_F6
 0.08998  3.87938 5.02 0 1
 0.08998  3.87938 0.03 0 0
 0.1002  3.87938 0.03 1 0
 5

 0.1002  3.87938 0.03 1 0
 0.1002  3.87938 5.02 1 1
 0.08998  3.87938 5.02 0 1
 5

// ************************************* 7 pozioma

// pozioma_B7
 0.1002  4.50057 0.03 0 1
 0.1002  4.51057 0.03 0 0
 0.1002  4.51057 5.02 1 0
 5

 0.1002  4.51057 5.02 1 0
 0.1002  4.50057 5.02 1 1
 0.1002  4.50057 0.03 0 1
 5

// pozioma_D7
 0.08998  4.50057 5.02 0 1
 0.08998  4.51057 5.02 0 0
 0.08998  4.51057 0.03 1 0
 5

 0.08998  4.51057 0.03 1 0
 0.08998  4.50057 0.03 1 1
 0.08998  4.50057 5.02 0 1
 5

// pozioma_E7
 0.08998  4.50057 5.02 0 1
 0.08998  4.50057 0.03 0 0
 0.1002  4.50057 0.03 1 0
 5

 0.1002  4.50057 0.03 1 0
 0.1002  4.50057 5.02 1 1
 0.08998  4.50057 5.02 0 1
 5

// pozioma_F7
 0.08998  4.51057 5.02 0 1
 0.08998  4.51057 0.03 0 0
 0.1002  4.51057 0.03 1 0
 5

 0.1002  4.51057 0.03 1 0
 0.1002  4.51057 5.02 1 1
 0.08998  4.51057 5.02 0 1
 5

// ************************************* 9 pozioma

// pozioma_B8
 0.1002  5.13176 0.03 0 1
 0.1002  5.14176 0.03 0 0
 0.1002  5.14176 5.02 1 0
 5

 0.1002  5.14176 5.02 1 0
 0.1002  5.13176 5.02 1 1
 0.1002  5.13176 0.03 0 1
 5

// pozioma_D8
 0.08998  5.13176 5.02 0 1
 0.08998  5.14176 5.02 0 0
 0.08998  5.14176 0.03 1 0
 5

 0.08998  5.14176 0.03 1 0
 0.08998  5.13176 0.03 1 1
 0.08998  5.13176 5.02 0 1
 5

// pozioma_E8
 0.08998  5.13176 5.02 0 1
 0.08998  5.13176 0.03 0 0
 0.1002  5.13176 0.03 1 0
 5

 0.1002  5.13176 0.03 1 0
 0.1002  5.13176 5.02 1 1
 0.08998  5.13176 5.02 0 1
 5

// pozioma_F8
 0.08998  5.14176 5.02 0 1
 0.08998  5.14176 0.03 0 0
 0.1002  5.14176 0.03 1 0
 5

 0.1002  5.14176 0.03 1 0
 0.1002  5.14176 5.02 1 1
 0.08998  5.14176 5.02 0 1
 5

// ************************************* 9 pozioma

// pozioma_B9
 0.1002  5.76295 0.03 0 1
 0.1002  5.77295 0.03 0 0
 0.1002  5.77295 5.02 1 0
 5

 0.1002  5.77295 5.02 1 0
 0.1002  5.76295 5.02 1 1
 0.1002  5.76295 0.03 0 1
 5

// pozioma_D9
 0.08998  5.76295 5.02 0 1
 0.08998  5.77295 5.02 0 0
 0.08998  5.77295 0.03 1 0
 5

 0.08998  5.77295 0.03 1 0
 0.08998  5.76295 0.03 1 1
 0.08998  5.76295 5.02 0 1
 5

// pozioma_E9
 0.08998  5.76295 5.02 0 1
 0.08998  5.76295 0.03 0 0
 0.1002  5.76295 0.03 1 0
 5

 0.1002  5.76295 0.03 1 0
 0.1002  5.76295 5.02 1 1
 0.08998  5.76295 5.02 0 1
 5

// pozioma_F9
 0.08998  5.77295 5.02 0 1
 0.08998  5.77295 0.03 0 0
 0.1002  5.77295 0.03 1 0
 5

 0.1002  5.77295 0.03 1 0
 0.1002  5.77295 5.02 1 1
 0.08998  5.77295 5.02 0 1
 5


// ***************** PIONOWA PRAWA

// pionowa_B
 0.101  1.6452  5.02 0 1
 0.101  5.98  5.02 0 0
 0.101  5.98  5.03 1 0
 5

 0.101  5.98  5.03 1 0
 0.101  1.6452  5.03 1 1
 0.101  1.6452  5.02 0 1
 5

// pionowa_A
 0.101  1.6452  5.02 0 1
 0.101  5.98  5.02 0 0
 0.08999  5.98  5.02 1 0
 5

 0.08999  5.98  5.02 1 0
 0.08999  1.6452  5.02 1 1
 0.101  1.6452  5.02 0 1
 5

// pionowa_D
 0.08999  1.6452  5.03 0 1
 0.08999  5.98  5.03 0 0
 0.08999  5.98  5.02 1 0
 5

 0.08999  5.98  5.02 1 0
 0.08999  1.6452  5.02 1 1
 0.08999  1.6452  5.03 0 1
 5


// *****************************************************************************
// ************************ AUTOMAT PIONOW************************************
// *****************************************************************************


// rama_nad_wejsciem_pion #1
// rama_nad_wejsciem_pion_A
 0.08999  1.6552  0.37714 0 1
 0.08999  5.97  0.37714 0 0
 0.101  5.97  0.37714 1 0
 5

 0.101  5.97  0.37714 1 0
 0.101  1.6552  0.37714 1 1
 0.08999  1.6552  0.37714 0 1
 5

// rama_nad_wejsciem_pion_B
 0.101  1.6552  0.37714 0 1
 0.101  5.97  0.37714 0 0
 0.101  5.97  0.38714 1 0
 5

 0.101  5.97  0.38714 1 0
 0.101  1.6552  0.38714 1 1
 0.101  1.6552  0.37714 0 1
 5

// rama_nad_wejsciem_pion_C
 0.101  1.6552  0.38714 0 1
 0.101  5.97  0.38714 0 0
 0.08999  5.97  0.38714 1 0
 5

 0.08999  5.97  0.38714 1 0
 0.08999  1.6552  0.38714 1 1
 0.101  1.6552  0.38714 0 1
 5

// rama_nad_wejsciem_pion_D
 0.08999  1.6552  0.38714 0 1
 0.08999  5.97  0.38714 0 0
 0.08999  5.97  0.37714 1 0
 5

 0.08999  5.97  0.37714 1 0
 0.08999  1.6552  0.37714 1 1
 0.08999  1.6552  0.38714 0 1
 5

// rama_nad_wejsciem_pion #2
// rama_nad_wejsciem_pion_A
 0.08999  1.6552  0.73428 0 1
 0.08999  5.97  0.73428 0 0
 0.101  5.97  0.73428 1 0
 5

 0.101  5.97  0.73428 1 0
 0.101  1.6552  0.73428 1 1
 0.08999  1.6552  0.73428 0 1
 5

// rama_nad_wejsciem_pion_B
 0.101  1.6552  0.73428 0 1
 0.101  5.97  0.73428 0 0
 0.101  5.97  0.74428 1 0
 5

 0.101  5.97  0.74428 1 0
 0.101  1.6552  0.74428 1 1
 0.101  1.6552  0.73428 0 1
 5

// rama_nad_wejsciem_pion_C
 0.101  1.6552  0.74428 0 1
 0.101  5.97  0.74428 0 0
 0.08999  5.97  0.74428 1 0
 5

 0.08999  5.97  0.74428 1 0
 0.08999  1.6552  0.74428 1 1
 0.101  1.6552  0.74428 0 1
 5

// rama_nad_wejsciem_pion_D
 0.08999  1.6552  0.74428 0 1
 0.08999  5.97  0.74428 0 0
 0.08999  5.97  0.73428 1 0
 5

 0.08999  5.97  0.73428 1 0
 0.08999  1.6552  0.73428 1 1
 0.08999  1.6552  0.74428 0 1
 5

// rama_nad_wejsciem_pion #3
// rama_nad_wejsciem_pion_A
 0.08999  1.6552  1.09142 0 1
 0.08999  5.97  1.09142 0 0
 0.101  5.97  1.09142 1 0
 5

 0.101  5.97  1.09142 1 0
 0.101  1.6552  1.09142 1 1
 0.08999  1.6552  1.09142 0 1
 5

// rama_nad_wejsciem_pion_B
 0.101  1.6552  1.09142 0 1
 0.101  5.97  1.09142 0 0
 0.101  5.97  1.10142 1 0
 5

 0.101  5.97  1.10142 1 0
 0.101  1.6552  1.10142 1 1
 0.101  1.6552  1.09142 0 1
 5

// rama_nad_wejsciem_pion_C
 0.101  1.6552  1.10142 0 1
 0.101  5.97  1.10142 0 0
 0.08999  5.97  1.10142 1 0
 5

 0.08999  5.97  1.10142 1 0
 0.08999  1.6552  1.10142 1 1
 0.101  1.6552  1.10142 0 1
 5

// rama_nad_wejsciem_pion_D
 0.08999  1.6552  1.10142 0 1
 0.08999  5.97  1.10142 0 0
 0.08999  5.97  1.09142 1 0
 5

 0.08999  5.97  1.09142 1 0
 0.08999  1.6552  1.09142 1 1
 0.08999  1.6552  1.10142 0 1
 5

// rama_nad_wejsciem_pion #4
// rama_nad_wejsciem_pion_A
 0.08999  1.6552  1.44856 0 1
 0.08999  5.97  1.44856 0 0
 0.101  5.97  1.44856 1 0
 5

 0.101  5.97  1.44856 1 0
 0.101  1.6552  1.44856 1 1
 0.08999  1.6552  1.44856 0 1
 5

// rama_nad_wejsciem_pion_B
 0.101  1.6552  1.44856 0 1
 0.101  5.97  1.44856 0 0
 0.101  5.97  1.45856 1 0
 5

 0.101  5.97  1.45856 1 0
 0.101  1.6552  1.45856 1 1
 0.101  1.6552  1.44856 0 1
 5

// rama_nad_wejsciem_pion_C
 0.101  1.6552  1.45856 0 1
 0.101  5.97  1.45856 0 0
 0.08999  5.97  1.45856 1 0
 5

 0.08999  5.97  1.45856 1 0
 0.08999  1.6552  1.45856 1 1
 0.101  1.6552  1.45856 0 1
 5

// rama_nad_wejsciem_pion_D
 0.08999  1.6552  1.45856 0 1
 0.08999  5.97  1.45856 0 0
 0.08999  5.97  1.44856 1 0
 5

 0.08999  5.97  1.44856 1 0
 0.08999  1.6552  1.44856 1 1
 0.08999  1.6552  1.45856 0 1
 5

// rama_nad_wejsciem_pion #5
// rama_nad_wejsciem_pion_A
 0.08999  1.6552  1.8057 0 1
 0.08999  5.97  1.8057 0 0
 0.101  5.97  1.8057 1 0
 5

 0.101  5.97  1.8057 1 0
 0.101  1.6552  1.8057 1 1
 0.08999  1.6552  1.8057 0 1
 5

// rama_nad_wejsciem_pion_B
 0.101  1.6552  1.8057 0 1
 0.101  5.97  1.8057 0 0
 0.101  5.97  1.8157 1 0
 5

 0.101  5.97  1.8157 1 0
 0.101  1.6552  1.8157 1 1
 0.101  1.6552  1.8057 0 1
 5

// rama_nad_wejsciem_pion_C
 0.101  1.6552  1.8157 0 1
 0.101  5.97  1.8157 0 0
 0.08999  5.97  1.8157 1 0
 5

 0.08999  5.97  1.8157 1 0
 0.08999  1.6552  1.8157 1 1
 0.101  1.6552  1.8157 0 1
 5

// rama_nad_wejsciem_pion_D
 0.08999  1.6552  1.8157 0 1
 0.08999  5.97  1.8157 0 0
 0.08999  5.97  1.8057 1 0
 5

 0.08999  5.97  1.8057 1 0
 0.08999  1.6552  1.8057 1 1
 0.08999  1.6552  1.8157 0 1
 5

// rama_nad_wejsciem_pion #6
// rama_nad_wejsciem_pion_A
 0.08999  1.6552  2.16284 0 1
 0.08999  5.97  2.16284 0 0
 0.101  5.97  2.16284 1 0
 5

 0.101  5.97  2.16284 1 0
 0.101  1.6552  2.16284 1 1
 0.08999  1.6552  2.16284 0 1
 5

// rama_nad_wejsciem_pion_B
 0.101  1.6552  2.16284 0 1
 0.101  5.97  2.16284 0 0
 0.101  5.97  2.17284 1 0
 5

 0.101  5.97  2.17284 1 0
 0.101  1.6552  2.17284 1 1
 0.101  1.6552  2.16284 0 1
 5

// rama_nad_wejsciem_pion_C
 0.101  1.6552  2.17284 0 1
 0.101  5.97  2.17284 0 0
 0.08999  5.97  2.17284 1 0
 5

 0.08999  5.97  2.17284 1 0
 0.08999  1.6552  2.17284 1 1
 0.101  1.6552  2.17284 0 1
 5

// rama_nad_wejsciem_pion_D
 0.08999  1.6552  2.17284 0 1
 0.08999  5.97  2.17284 0 0
 0.08999  5.97  2.16284 1 0
 5

 0.08999  5.97  2.16284 1 0
 0.08999  1.6552  2.16284 1 1
 0.08999  1.6552  2.17284 0 1
 5

// rama_nad_wejsciem_pion #7
// rama_nad_wejsciem_pion_A
 0.08999  1.6552  2.51998 0 1
 0.08999  5.97  2.51998 0 0
 0.101  5.97  2.51998 1 0
 5

 0.101  5.97  2.51998 1 0
 0.101  1.6552  2.51998 1 1
 0.08999  1.6552  2.51998 0 1
 5

// rama_nad_wejsciem_pion_B
 0.101  1.6552  2.51998 0 1
 0.101  5.97  2.51998 0 0
 0.101  5.97  2.52998 1 0
 5

 0.101  5.97  2.52998 1 0
 0.101  1.6552  2.52998 1 1
 0.101  1.6552  2.51998 0 1
 5

// rama_nad_wejsciem_pion_C
 0.101  1.6552  2.52998 0 1
 0.101  5.97  2.52998 0 0
 0.08999  5.97  2.52998 1 0
 5

 0.08999  5.97  2.52998 1 0
 0.08999  1.6552  2.52998 1 1
 0.101  1.6552  2.52998 0 1
 5

// rama_nad_wejsciem_pion_D
 0.08999  1.6552  2.52998 0 1
 0.08999  5.97  2.52998 0 0
 0.08999  5.97  2.51998 1 0
 5

 0.08999  5.97  2.51998 1 0
 0.08999  1.6552  2.51998 1 1
 0.08999  1.6552  2.52998 0 1
 5

// rama_nad_wejsciem_pion #9
// rama_nad_wejsciem_pion_A
 0.08999  1.6552  2.87712 0 1
 0.08999  5.97  2.87712 0 0
 0.101  5.97  2.87712 1 0
 5

 0.101  5.97  2.87712 1 0
 0.101  1.6552  2.87712 1 1
 0.08999  1.6552  2.87712 0 1
 5

// rama_nad_wejsciem_pion_B
 0.101  1.6552  2.87712 0 1
 0.101  5.97  2.87712 0 0
 0.101  5.97  2.88712 1 0
 5

 0.101  5.97  2.88712 1 0
 0.101  1.6552  2.88712 1 1
 0.101  1.6552  2.87712 0 1
 5

// rama_nad_wejsciem_pion_C
 0.101  1.6552  2.88712 0 1
 0.101  5.97  2.88712 0 0
 0.08999  5.97  2.88712 1 0
 5

 0.08999  5.97  2.88712 1 0
 0.08999  1.6552  2.88712 1 1
 0.101  1.6552  2.88712 0 1
 5

// rama_nad_wejsciem_pion_D
 0.08999  1.6552  2.88712 0 1
 0.08999  5.97  2.88712 0 0
 0.08999  5.97  2.87712 1 0
 5

 0.08999  5.97  2.87712 1 0
 0.08999  1.6552  2.87712 1 1
 0.08999  1.6552  2.88712 0 1
 5

// rama_nad_wejsciem_pion #9
// rama_nad_wejsciem_pion_A
 0.08999  1.6552  3.23426 0 1
 0.08999  5.97  3.23426 0 0
 0.101  5.97  3.23426 1 0
 5

 0.101  5.97  3.23426 1 0
 0.101  1.6552  3.23426 1 1
 0.08999  1.6552  3.23426 0 1
 5

// rama_nad_wejsciem_pion_B
 0.101  1.6552  3.23426 0 1
 0.101  5.97  3.23426 0 0
 0.101  5.97  3.24426 1 0
 5

 0.101  5.97  3.24426 1 0
 0.101  1.6552  3.24426 1 1
 0.101  1.6552  3.23426 0 1
 5

// rama_nad_wejsciem_pion_C
 0.101  1.6552  3.24426 0 1
 0.101  5.97  3.24426 0 0
 0.08999  5.97  3.24426 1 0
 5

 0.08999  5.97  3.24426 1 0
 0.08999  1.6552  3.24426 1 1
 0.101  1.6552  3.24426 0 1
 5

// rama_nad_wejsciem_pion_D
 0.08999  1.6552  3.24426 0 1
 0.08999  5.97  3.24426 0 0
 0.08999  5.97  3.23426 1 0
 5

 0.08999  5.97  3.23426 1 0
 0.08999  1.6552  3.23426 1 1
 0.08999  1.6552  3.24426 0 1
 5

// rama_nad_wejsciem_pion #10
// rama_nad_wejsciem_pion_A
 0.08999  1.6552  3.5914 0 1
 0.08999  5.97  3.5914 0 0
 0.101  5.97  3.5914 1 0
 5

 0.101  5.97  3.5914 1 0
 0.101  1.6552  3.5914 1 1
 0.08999  1.6552  3.5914 0 1
 5

// rama_nad_wejsciem_pion_B
 0.101  1.6552  3.5914 0 1
 0.101  5.97  3.5914 0 0
 0.101  5.97  3.6014 1 0
 5

 0.101  5.97  3.6014 1 0
 0.101  1.6552  3.6014 1 1
 0.101  1.6552  3.5914 0 1
 5

// rama_nad_wejsciem_pion_C
 0.101  1.6552  3.6014 0 1
 0.101  5.97  3.6014 0 0
 0.08999  5.97  3.6014 1 0
 5

 0.08999  5.97  3.6014 1 0
 0.08999  1.6552  3.6014 1 1
 0.101  1.6552  3.6014 0 1
 5

// rama_nad_wejsciem_pion_D
 0.08999  1.6552  3.6014 0 1
 0.08999  5.97  3.6014 0 0
 0.08999  5.97  3.5914 1 0
 5

 0.08999  5.97  3.5914 1 0
 0.08999  1.6552  3.5914 1 1
 0.08999  1.6552  3.6014 0 1
 5

// rama_nad_wejsciem_pion #11
// rama_nad_wejsciem_pion_A
 0.08999  1.6552  3.94854 0 1
 0.08999  5.97  3.94854 0 0
 0.101  5.97  3.94854 1 0
 5

 0.101  5.97  3.94854 1 0
 0.101  1.6552  3.94854 1 1
 0.08999  1.6552  3.94854 0 1
 5

// rama_nad_wejsciem_pion_B
 0.101  1.6552  3.94854 0 1
 0.101  5.97  3.94854 0 0
 0.101  5.97  3.95854 1 0
 5

 0.101  5.97  3.95854 1 0
 0.101  1.6552  3.95854 1 1
 0.101  1.6552  3.94854 0 1
 5

// rama_nad_wejsciem_pion_C
 0.101  1.6552  3.95854 0 1
 0.101  5.97  3.95854 0 0
 0.08999  5.97  3.95854 1 0
 5

 0.08999  5.97  3.95854 1 0
 0.08999  1.6552  3.95854 1 1
 0.101  1.6552  3.95854 0 1
 5

// rama_nad_wejsciem_pion_D
 0.08999  1.6552  3.95854 0 1
 0.08999  5.97  3.95854 0 0
 0.08999  5.97  3.94854 1 0
 5

 0.08999  5.97  3.94854 1 0
 0.08999  1.6552  3.94854 1 1
 0.08999  1.6552  3.95854 0 1
 5

// rama_nad_wejsciem_pion #12
// rama_nad_wejsciem_pion_A
 0.08999  1.6552  4.30568 0 1
 0.08999  5.97  4.30568 0 0
 0.101  5.97  4.30568 1 0
 5

 0.101  5.97  4.30568 1 0
 0.101  1.6552  4.30568 1 1
 0.08999  1.6552  4.30568 0 1
 5

// rama_nad_wejsciem_pion_B
 0.101  1.6552  4.30568 0 1
 0.101  5.97  4.30568 0 0
 0.101  5.97  4.31568 1 0
 5

 0.101  5.97  4.31568 1 0
 0.101  1.6552  4.31568 1 1
 0.101  1.6552  4.30568 0 1
 5

// rama_nad_wejsciem_pion_C
 0.101  1.6552  4.31568 0 1
 0.101  5.97  4.31568 0 0
 0.08999  5.97  4.31568 1 0
 5

 0.08999  5.97  4.31568 1 0
 0.08999  1.6552  4.31568 1 1
 0.101  1.6552  4.31568 0 1
 5

// rama_nad_wejsciem_pion_D
 0.08999  1.6552  4.31568 0 1
 0.08999  5.97  4.31568 0 0
 0.08999  5.97  4.30568 1 0
 5

 0.08999  5.97  4.30568 1 0
 0.08999  1.6552  4.30568 1 1
 0.08999  1.6552  4.31568 0 1
 5

// rama_nad_wejsciem_pion #13
// rama_nad_wejsciem_pion_A
 0.08999  1.6552  4.66282 0 1
 0.08999  5.97  4.66282 0 0
 0.101  5.97  4.66282 1 0
 5

 0.101  5.97  4.66282 1 0
 0.101  1.6552  4.66282 1 1
 0.08999  1.6552  4.66282 0 1
 5

// rama_nad_wejsciem_pion_B
 0.101  1.6552  4.66282 0 1
 0.101  5.97  4.66282 0 0
 0.101  5.97  4.67282 1 0
 5

 0.101  5.97  4.67282 1 0
 0.101  1.6552  4.67282 1 1
 0.101  1.6552  4.66282 0 1
 5

// rama_nad_wejsciem_pion_C
 0.101  1.6552  4.67282 0 1
 0.101  5.97  4.67282 0 0
 0.08999  5.97  4.67282 1 0
 5

 0.08999  5.97  4.67282 1 0
 0.08999  1.6552  4.67282 1 1
 0.101  1.6552  4.67282 0 1
 5

// rama_nad_wejsciem_pion_D
 0.08999  1.6552  4.67282 0 1
 0.08999  5.97  4.67282 0 0
 0.08999  5.97  4.66282 1 0
 5

 0.08999  5.97  4.66282 1 0
 0.08999  1.6552  4.66282 1 1
 0.08999  1.6552  4.67282 0 1
 5
