

NUMPOLLIES 12


// test_A
 -1.#IND  0  -1.#IND 0 2
 -1.#IND  2  -1.#IND 0 0
-1.70181  2  -0 2 0
3


 -1.#IND  0  -1.#IND 0 2
-1.70181  0  -0 2 2
-1.70181  2  -0 2 0
3


// test_B
-1.70181  0  -0 0 2
-1.70181  2  -0 0 0
-0.920884  2 -0.920884 2 0
3


-1.70181  0  -0 0 2
-0.920884  0 -0.920884 2 2
-0.920884  2 -0.920884 2 0
3


// test_C
-0.920884  0 -0.920884 0 2
-0.920884  2 -0.920884 0 0
 0  2  1.05064 2 0
3


-0.920884  0 -0.920884 0 2
 0  0  1.05064 2 2
 0  2  1.05064 2 0
3


// test_D
 0  0  1.05064 0 2
 0  2  1.05064 0 0
 -1.#IND  2  -1.#IND 2 0
3


 0  0  1.05064 0 2
 -1.#IND  0  -1.#IND 2 2
 -1.#IND  2  -1.#IND 2 0
3


// test_E
 0  0  1.05064 0 2
 -1.#IND  0  -1.#IND 0 0
-1.70181  0  -0 2 0
3


 0  0  1.05064 0 2
-0.920884  0 -0.920884 2 2
-1.70181  0  -0 2 0
3


// test_F
 -1.#IND  2  -1.#IND 0 2
 0  2  1.05064 0 0
-0.920884  2 -0.920884 2 0
3


 -1.#IND  2  -1.#IND 0 2
-1.70181  2  -0 2 2
-0.920884  2 -0.920884 2 0
3

