
NUMPOLLIES 12

// test_A
 0.0  0.0   0.0  0.0  2.0 
 0.0   2.0   0.0  0.0  0.0 
 2.0   2.0   0.0  2.0  0.0 
 3

 0  0  0 0 2
 2  0  0 2 2
 2  2  0 2 0
 3

// test_B
 2  0  0 0 2
 2  2  0 0 0
 2  2  2 2 0
 3

 2  0  0 0 2
 2  0  2 2 2
 2  2  2 2 0
 3

// test_C
 2  0  2 0 2
 2  2  2 0 0
 0  2  2 2 0
 3

 2  0  2 0 2
 0  0  2 2 2
 0  2  2 2 0
 3

// test_D
 0  0  2 0 2
 0  2  2 0 0
 0  2  0 2 0
 3

 0  0  2 0 2
 0  0  0 2 2
 0  2  0 2 0
 3

// test_E
 0  0  2 0 2
 0  0  0 0 0
 2  0  0 2 0
 3

 0  0  2 0 2
 2  0  2 2 2
 2  0  0 2 0
 3

// test_F
 0  2  0 0 2
 0  2  2 0 0
 2  2  2 2 0
 3

 0  2  0 0 2
 2  2  0 2 2
 2  2  2 2 0
 3


// lacznie trojkatow : 12
