

NUMPOLLIES 14

// *******************    druga czesc murku

// murek_C_kat1
 1.62  0.204  3.718 0 2
 1.62  0.804  3.718 0 0
 2.243  0.804  4.801 4 0
 4

 2.243  0.804  4.801 4  0
 2.243  0.204  4.801 4 2
 1.62  0.204  3.718 0 2
 4

// murek_C_kat2
 2.081  0.804  5.075 6 0
 1.3  0.804  3.718 0 0
 1.3  0.57  3.718 0 0.8
 4

 1.3  0.57  3.718 0 0.8
 2.081  0.57  5.075 6 0.8
 2.081  0.804  5.075 6 0
 4


// murek_zewn_czesc_srodkowa
 1.62  0 3.718 0 2
 1.62  0.204  3.718 0 -0.04
 2.243  0.204  4.801 6 -0.04
 1

 2.243  0.204  4.801 6 -0.04
 2.243  0  4.801 6 2
 1.62  0 3.718 0 2
 1



//******************** wienczenie MURKU!

// 1.62
//    2.421

// wienczenie_murku_F
 1.28 0.81  3.718 0 0
 2.0695  0.81  5.093 12 0 
 2.25  0.81 4.781 10.8 3.6 
 1

 1.28 0.81  3.718 0 0
 2.25  0.81  4.781 10.8  3.6
 1.64  0.81  3.718 1.5 3.6 
 1


// wienczenie_murku_E
1.28 0.804  3.718 0 0
 2.0695  0.804  5.093 12 0 
 2.25  0.804 4.781 10.8 3.6 
 1

 1.28 0.804  3.718 0 0
 2.25  0.804  4.781 10.8  3.6
 1.64  0.804  3.718 1.5 3.6 
 1


// wienczenie_murku_A
 1.64  0.804  3.718 1.5 0.1
 1.64  0.81  3.718 1.5 0
 2.25  0.81  4.781 10.8 0
 1

 2.25  0.81  4.781 10.8 0
 2.25  0.804  4.781 10.8 0.1
 1.64  0.804  3.718 1.5 0.1
 1

// wienczenie_murku_B
 2.0695  0.81  5.093 12 0
 1.28 0.81  3.718 0 0
 1.28 0.804  3.718 0 0.1
 1

 1.28 0.804  3.718 0 0.1
 2.0695  0.804  5.093 12 0.1
 2.0695  0.81  5.093 12 0
 1
