
NUMPOLLIES 10

// podejscieL1
 0  0  0 0 15
 0  0.2  1 0 0
 0.3  0.2  1 3 0
 1

 0  0  0 0 15
 0.3  0  0 3 15
 0.3  0.2  1 3 0
 1

// polpoziomL
 0  0.2  1 0 5
 0  0.2  1.5 0 0
 1.5  0.2  1.5 15 0
 1

 0  0.2  1 0 5
 1.5  0.2  1 15 5
 1.5  0.2  1.5 15 0
 1

// podejscieL2
 0  0.2  1.5 0 15
 0  0.5  3 0 0
 0.3  0.5  3 3 0
 1

 0  0.2  1.5 0 15
 0.3  0.2  1.5 3 15
 0.3  0.5  3 3 0
 1

// polpoziom2L
 0.3  0.2  1.5 0 10
 0.3  0.2  2.75 0 0
 1.3  0.2  2.75 10 0
 1

 0.3  0.2  1.5 0 10
 1.3  0.2  1.5 10 10
 1.3  0.2  2.75 10 0
 1

// poziom1L
-0.5  0.5  3 0 10
-0.5  0.5  4 0 0
 1.3  0.5  4 20 0
 1

-0.5  0.5  3 0 10
 1.3  0.5  3 20 10
 1.3  0.5  4 20 0
 1

