
NUMPOLLIES 8

// podejscieL_scianka1
 0  0.2  1 0 2
 0  0  0 0 0
 0  0  0 10 0
 1

 0  0.2  1 0 2
 0  0.2  1 10 2
 0  0  0 10 0
 1

// podejscieL_scianka2
 0  0.2  1.5 0 2
 0  0  1 0 0
 0  0  1 5 0
 1

 0  0.2  1.5 0 2
 0  0.2  1.5 5 2
 0  0  1 5 0
 1

// podejscieL_scianka3
 0  0.2  3 0 2
 0  0  1.5 0 0
 0  0  1.5 15 0
 1

 0  0.2  3 0 2
 0  0.2  3 15 2
 0  0  1.5 15 0
 1

// podejscieL_scianka4
 0  0.5  3 0 2
 0  0.2  1.5 0 0
 0  0.2  1.5 15 0
 1

 0  0.5  3 0 2
 0  0.5  3 15 2
 0  0.2  1.5 15 0
 1

