NUMPOLLIES 126
// 28
// sciana1
0.004375 1.8 0.004375  0 1
0.0175 0 0.0175  0 0
0.025 0 0 1 0
9
0.025 0 0 1 0
0.00625 1.8 0  0 0
0.004375 1.8 0.004375  0 1
9
// sciana2
0 1.8 0.00625  0 1
0 0 0.025  0 0
0.0175 0 0.0175 1 0
9
0.0175 0 0.0175 1 0
0.004375 1.8 0.004375  0 0
0 1.8 0.00625  0 1
9
// sciana3
-0.004375 1.8 -0.004375  0 1
-0.0175 0 -0.0175  0 0
-0.025 0 0 1 0
9
-0.025 0 0 1 0
-0.00625 1.8 0  0 0
-0.004375 1.8 -0.004375  0 1
9
// sciana4
0 1.8 -0.00625  0 1
0 0 -0.025  0 0
-0.0175 0 -0.0175 1 0
9
0 1.8 -0.00625  0 1
-0.0175 0 -0.0175 1 0
-0.004375 1.8 -0.004375  0 0
9

// sciana5
0.025 0 0 1 0
0.0175 0 -0.0175  0 0
0.004375 1.8 -0.004375  0 1
9
0.004375 1.8 -0.004375  0 1
0.00625 1.8 0  0 0
0.025 0 0 1 0
9
// sciana6
0.0175 0 -0.0175 1 0
0 0 -0.025  0 0
0 1.8 -0.00625  0 1
9
0 1.8 -0.00625  0 1
0.004375 1.8 -0.004375  0 0
0.0175 0 -0.0175 1 0
9
// sciana7
-0.025 0 0 1 0
-0.0175 0 0.0175  0 0
-0.004375 1.8 0.004375  0 1
9
-0.00625 1.8 0  0 0
-0.025 0 0 1 0
-0.004375 1.8 0.004375  0 1
9
// sciana8
-0.0175 0 0.0175 1 0
0 0 0.025  0 0
0 1.8 0.00625  0 1
9
0 1.8 0.00625  0 1
-0.004375 1.8 0.004375  0 0
-0.0175 0 0.0175 1 0
9

// *************** podstawka latarni
// glowna
 -0.04  0.0  -0.04 0 1
 -0.04  0.0  0.04 0 0
 0.04  0.0  0.04 1 0
 9

 0.04  0.0  0.04 1 0
 0.04  0.0  -0.04 1 1
 -0.04  0.0  -0.04 0 1
 9

// *** sruba1
// sruba_A
0.03  0.00  0.03 0 1
0.03  0.01  0.03 0 0
0.035 0.01  0.03 1 0
 9
0.035  0.01  0.03 1 0
0.035  0.00  0.03 1 1
0.03  0.00  0.03 0 1
 9
// sruba_B
0.035  0.00  0.03 0 1
0.035  0.01  0.03 0 0
0.035   0.01  0.035 1 0
 9
0.035 0.01  0.035 1 0
0.035  0.00  0.035 1 1
0.035  0.00  0.03 0 1
 9
// sruba_C
0.035  0.00  0.035 0 1
0.035  0.01  0.035 0 0
0.03  0.01  0.035 1 0
 9
0.03  0.01  0.035 1 0
0.03  0.00  0.035 1 1
0.035  0.00  0.035 0 1
 9
// sruba_D
0.03  0.00  0.035 0 1
0.03  0.01  0.035 0 0
0.03  0.01  0.03 1 0
 9
0.03  0.01  0.03 1 0
0.03  0.00  0.03 1 1
0.03  0.00  0.035 0 1
 9
// przykrywka
 0.03  0.01  0.03 0 1
 0.03  0.01  0.035 0 0
 0.035  0.01  0.035 1 0
 9

 0.035  0.01  0.035 1 0
 0.035  0.01  0.03 1 1
 0.03  0.01  0.03 0 1
 9
// *** sruba2
// sruba_A
-0.03  0.00  -0.03 0 1
-0.03  0.01  -0.03 0 0
-0.035 0.01  -0.03 1 0
 9
-0.035  0.01  -0.03 1 0
-0.035  0.00  -0.03 1 1
-0.03  0.00  -0.03 0 1
 9
// sruba_B
-0.035  0.00  -0.03 0 1
-0.035  0.01  -0.03 0 0
-0.035   0.01  -0.035 1 0
 9
-0.035 0.01  -0.035 1 0
-0.035  0.00  -0.035 1 1
-0.035  0.00  -0.03 0 1
 9
// sruba_C
-0.035  0.00  -0.035 0 1
-0.035  0.01  -0.035 0 0
-0.03  0.01  -0.035 1 0
 9
-0.03  0.01  -0.035 1 0
-0.03  0.00  -0.035 1 1
-0.035  0.00  -0.035 0 1
 9
// sruba_D
-0.03  0.00  -0.035 0 1
-0.03  0.01  -0.035 0 0
-0.03  0.01  -0.03 1 0
 9
-0.03  0.01  -0.03 1 0
-0.03  0.00  -0.03 1 1
-0.03  0.00  -0.035 0 1
 9
// przykrywka
 -0.03  0.01  -0.03 0 1
 -0.03  0.01  -0.035 0 0
 -0.035  0.01  -0.035 1 0
 9

 -0.035  0.01  -0.035 1 0
 -0.035  0.01  -0.03 1 1
 -0.03  0.01  -0.03 0 1
 9
// *** sruba3
// sruba_A
-0.035 0.01  0.03 1 0
-0.03  0.01  0.03 0 0
-0.03  0.00  0.03 0 1
 9
-0.03  0.00  0.03 0 1
-0.035  0.00  0.03 1 1
-0.035  0.01  0.03 1 0
 9
// sruba_B
-0.035   0.01  0.035 1 0
-0.035  0.01  0.03 0 0
-0.035  0.00  0.03 0 1
 9
-0.035  0.00  0.03 0 1
-0.035  0.00  0.035 1 1
-0.035 0.01  0.035 1 0
 9
// sruba_C
-0.03  0.01  0.035 1 0
-0.035  0.01  0.035 0 0
-0.035  0.00  0.035 0 1
 9
-0.035  0.00  0.035 0 1
-0.03  0.00  0.035 1 1
-0.03  0.01  0.035 1 0
 9
// sruba_D
-0.03  0.01  0.03 1 0
-0.03  0.01  0.035 0 0
-0.03  0.00  0.035 0 1
 9
-0.03  0.00  0.035 0 1
-0.03  0.00  0.03 1 1
-0.03  0.01  0.03 1 0
 9
// przykrywka
 -0.035  0.01 0.035 1 0
 -0.03  0.01  0.035 0 0
 -0.03  0.01  0.03 0 1
 9
 -0.03  0.01  0.03 0 1
 -0.035  0.01  0.03 1 1
 -0.035  0.01  0.035 1 0
 9

// *** sruba4
// sruba_A
0.035 0.01  -0.03 1 0
0.03  0.01  -0.03 0 0
0.03  0.00  -0.03 0 1
 9
0.03  0.00  -0.03 0 1
0.035  0.00  -0.03 1 1
0.035  0.01  -0.03 1 0
 9
// sruba_B
0.035   0.01  -0.035 1 0
0.035  0.01  -0.03 0 0
0.035  0.00  -0.03 0 1
 9
0.035  0.00  -0.03 0 1
0.035  0.00  -0.035 1 1
0.035 0.01  -0.035 1 0
 9
// sruba_C
0.03  0.01  -0.035 1 0
0.035  0.01  -0.035 0 0
0.035  0.00  -0.035 0 1
 9
0.035  0.00  -0.035 0 1
0.03  0.00  -0.035 1 1
0.03  0.01  -0.035 1 0
 9
// sruba_D
0.03  0.01  -0.03 1 0
0.03  0.01  -0.035 0 0
0.03  0.00  -0.035 0 1
 9
0.03  0.00  -0.035 0 1
0.03  0.00  -0.03 1 1
0.03  0.01  -0.03 1 0
 9
// przykrywka
 0.035  0.01  -0.035 1 0
 0.03  0.01  -0.035 0 0
 0.03  0.01  -0.03 0 1
 9

 0.03  0.01  -0.03 0 1
 0.035  0.01  -0.03 1 1
 0.035  0.01  -0.035 1 0
 9

// scianki podstawki
// podstawka_A
0.04 0.00  0.04 1 0
-0.04  0.00  0.04 0 0
-0.04  -0.01  0.04 0 1
 9
-0.04  -0.01  0.04 0 1
0.04  -0.01  0.04 1 1
0.04  0.00  0.04 1 0
 9
// podstawka_B
0.04   0.00  -0.04 1 0
0.04  0.00  0.04 0 0
0.04  -0.01  0.04 0 1
 9
0.04  -0.01  0.04 0 1
0.04  -0.01  -0.04 1 1
0.04 0.00  -0.04 1 0
 9
// podstawka_C
-0.04  0.00  -0.04 1 0
0.04  0.00  -0.04 0 0
0.04  -0.01  -0.04 0 1
 9
0.04  -0.01  -0.04 0 1
-0.04  -0.01  -0.04 1 1
-0.04  0.00  -0.04 1 0
 9
// podstawka_D
-0.04  0.00  0.04 1 0
-0.04  0.00  -0.04 0 0
-0.04  -0.01  -0.04 0 1
 9
-0.04  -0.01  -0.04 0 1
-0.04  -0.01  0.04 1 1
-0.04  0.00  0.04 1 0
 9

// ************** KLOSZ
// poczatek - gora klosza
// gora_klosza1
0.006 1.89 0.006  0 1
0.012 1.86 0.012  0 0
0.018 1.86 0 1 0
9
0.018 1.86 0 1 0
0.008 1.89 0  0 0
0.006 1.89 0.006  0 1
9
// gora_klosza2
0 1.89 0.008  0 1
0 1.86 0.018  0 0
0.012 1.86 0.012 1 0
9
0.012 1.86 0.012 1 0
0.006 1.89 0.006  0 0
0 1.89 0.008  0 1
9
// gora_klosza3
-0.006 1.89 -0.006  0 1
-0.012 1.86 -0.012  0 0
-0.018 1.86 0 1 0
9
-0.018 1.86 0 1 0
-0.008 1.89 0  0 0
-0.006 1.89 -0.006  0 1
9
// gora_klosza4
0 1.89 -0.008  0 1
0 1.86 -0.018  0 0
-0.012 1.86 -0.012 1 0
9
0 1.89 -0.008  0 1
-0.012 1.86 -0.012 1 0
-0.006 1.89 -0.006  0 0
9

// gora_klosza5
0.018 1.86 0 1 0
0.012 1.86 -0.012  0 0
0.006 1.89 -0.006  0 1
9
0.006 1.89 -0.006  0 1
0.008 1.89 0  0 0
0.018 1.86 0 1 0
9
// gora_klosza6
0.012 1.86 -0.012 1 0
0 1.86 -0.018  0 0
0 1.89 -0.008  0 1
9
0 1.89 -0.008  0 1
0.006 1.89 -0.006  0 0
0.012 1.86 -0.012 1 0
9
// gora_klosza7
-0.018 1.86 0 1 0
-0.012 1.86 0.012  0 0
-0.006 1.89 0.006  0 1
9
-0.008 1.89 0  0 0
-0.018 1.86 0 1 0
-0.006 1.89 0.006  0 1
9
// gora_klosza8
-0.012 1.86 0.012 1 0
0 1.86 0.018  0 0
0 1.89 0.008  0 1
9
0 1.89 0.008  0 1
-0.006 1.89 0.006  0 0
-0.012 1.86 0.012 1 0
9 

// ************* PODSTAWKA KLOSZA
// podstawka_klosza1
0.012 1.86 0.012  0 1
0.004375 1.8 0.004375  0 0
0.00625 1.8 0 1 0
9
0.00625 1.8 0 1 0
0.018 1.86 0  0 0
0.012 1.86 0.012  0 1
9
// podstawka_klosza2
0 1.86 0.018  0 1
0 1.8 0.00625  0 0
0.004375 1.8 0.004375 1 0
9
0.004375 1.8 0.004375 1 0
0.012 1.86 0.012  0 0
0 1.86 0.018  0 1
9
// podstawka_klosza3
-0.012 1.86 -0.012  0 1
-0.004375 1.8 -0.004375  0 0
-0.00625 1.8 0 1 0
9
-0.00625 1.8 0 1 0
-0.018 1.86 0  0 0
-0.012 1.86 -0.012  0 1
9
// podstawka_klosza4
0 1.86 -0.018  0 1
0 1.8 -0.00625  0 0
-0.004375 1.8 -0.004375 1 0
9
0 1.86 -0.018  0 1
-0.004375 1.8 -0.004375 1 0
-0.012 1.86 -0.012  0 0
9

// podstawka_klosza5
0.00625 1.8 0 1 0
0.004375 1.8 -0.004375  0 0
0.012 1.86 -0.012  0 1
9
0.012 1.86 -0.012  0 1
0.018 1.86 0  0 0
0.00625 1.8 0 1 0
9
// podstawka_klosza6
0.004375 1.8 -0.004375 1 0
0 1.8 -0.00625  0 0
0 1.86 -0.018  0 1
9
0 1.86 -0.018  0 1
0.012 1.86 -0.012  0 0
0.004375 1.8 -0.004375 1 0
9
// podstawka_klosza7
-0.00625 1.8 0 1 0
-0.004375 1.8 0.004375  0 0
-0.012 1.86 0.012  0 1
9
-0.018 1.86 0  0 0
-0.00625 1.8 0 1 0
-0.012 1.86 0.012  0 1
9
// podstawka_klosza8
-0.004375 1.8 0.004375 1 0
0 1.8 0.00625  0 0
0 1.86 0.018  0 1
9
0 1.86 0.018  0 1
-0.012 1.86 0.012  0 0
-0.004375 1.8 0.004375 1 0
9 

// talerz nad latarnia, 8 "kawalkow"
// #1
 0.05  1.94  0 1 0
 0.00  1.95  0 0 0
 0.035  1.94  0.035 0 1
 9
// #2
 0.035  1.94  0.035 1 0
 0.00  1.95  0 0 0
 0.0  1.94  0.05 0 1
 9
// #3
 -0.05  1.94  0 1 0
 0.00  1.95  0 0 0
 -0.035  1.94  -0.035 0 1
 9
// #4
 -0.035  1.94  -0.035 1 0
 0.00  1.95  0 0 0
 0.0  1.94  -0.05 0 1
 9
// #5
 -0.035  1.94  0.035 0 1
 0.00  1.95  0 0 0
 -0.05  1.94  0 1 0
 9
// #6
 0.0  1.94  0.05 0 1
 0.00  1.95  0 0 0
 -0.035  1.94  0.035 1 0
 9
// #7
 0.035  1.94  -0.035 0 1
 0.00  1.95  0 0 0
 0.05  1.94  0 1 0
 9
// #8
 0.0  1.94  -0.05 0 1
 0.00  1.95  0 0 0
 0.035  1.94  -0.035 1 0
 9

// talerz nad latarnia, 8 "kawalkow" - dolna czesc, co by swiecil tu i tu
// #1
 0.035  1.939  0.035 0 1
 0.00  1.949  0 0 0
 0.05  1.939  0 1 0
 9
// #2
 0.0  1.939  0.05 0 1
 0.00  1.949  0 0 0
 0.035  1.939  0.035 1 0
 9
// #3
 -0.035  1.939  -0.035 0 1
 0.00  1.949  0 0 0
 -0.05  1.939  0 1 0
 9
// #4
 0.0  1.939  -0.05 0 1
 0.00  1.949  0 0 0
 -0.035  1.939  -0.035 1 0
 9
// #5
 -0.05  1.939  0 1 0
 0.00  1.949  0 0 0
 -0.035  1.939  0.035 0 1
 9
// #6
 -0.035  1.939  0.035 1 0
 0.00  1.949  0 0 0
 0.0  1.939  0.05 0 1
 9
// #7
 0.05  1.939  0 1 0
 0.00  1.949  0 0 0
 0.035  1.939  -0.035 0 1
 9
// #8
 0.035  1.939  -0.035 1 0
 0.00  1.949  0 0 0
 0.0  1.939  -0.05 0 1
 9

// ****************************** podporki...
// #1A
0.005 1.79 0.003 1 0
0.04 1.939 0.018  0 0
0.04 1.939 0.021  0 1
9
0.04 1.939 0.021  0 1
0.005 1.79 0.006  1 1
0.005 1.79 0.003 1 0
9
// #1B
0.0395 1.939 0.021  0 1
0.0395 1.939 0.018  0 0
0.0045 1.79 0.003 1 0
9
0.0045 1.79 0.003 1 0
0.0045 1.79 0.006  1 1
0.0395 1.939 0.021  0 1
9

// #2A
-0.001 1.79 0.005 1 0
-0.023 1.939 0.037  0 0
-0.025 1.939 0.036  0 1
9
-0.025 1.939 0.036  0 1
-0.004 1.79 0.004  1 1
-0.001 1.79 0.005 1 0
9
// #2B
-0.025 1.939 0.035  0 1
-0.023 1.939 0.036  0 0
-0.001 1.79 0.004 1 0
9
-0.001 1.79 0.004 1 0
-0.004 1.79 0.003  1 1
-0.025 1.939 0.035  0 1
9
// #3A
-0.025 1.939 -0.036  0 1
-0.023 1.939 -0.037  0 0
-0.001 1.79 -0.005 1 0
9
-0.001 1.79 -0.005 1 0
-0.004 1.79 -0.004  1 1
-0.025 1.939 -0.036  0 1
9
// #3B
-0.001 1.79 -0.004 1 0
-0.023 1.939 -0.036  0 0
-0.025 1.939 -0.035  0 1
9
-0.025 1.939 -0.035  0 1
-0.004 1.79 -0.003  1 1
-0.001 1.79 -0.004 1 0
9

// *********************************************************************************************BUFOR ZAJEBISTYCH
// podstawka_klosza1
0.004375 1.9 0.004375  0 1
0.0175 1.8 0.0175  0 0
0.025 1.8 0 1 0
9
0.025 1.8 0 1 0
0.00625 1.9 0  0 0
0.004375 1.9 0.004375  0 1
9
// podstawka_klosza2
0 1.9 0.00625  0 1
0 1.8 0.025  0 0
0.0175 1.8 0.0175 1 0
9
0.0175 1.8 0.0175 1 0
0.004375 1.9 0.004375  0 0
0 1.9 0.00625  0 1
9
// podstawka_klosza3
-0.004375 1.9 -0.004375  0 1
-0.0175 1.8 -0.0175  0 0
-0.025 1.8 0 1 0
9
-0.025 1.8 0 1 0
-0.00625 1.9 0  0 0
-0.004375 1.9 -0.004375  0 1
9
// podstawka_klosza4
0 1.9 -0.00625  0 1
0 1.8 -0.025  0 0
-0.0175 1.8 -0.0175 1 0
9
0 1.9 -0.00625  0 1
-0.0175 1.8 -0.0175 1 0
-0.004375 1.9 -0.004375  0 0
9

// podstawka_klosza5
0.025 1.8 0 1 0
0.0175 1.8 -0.0175  0 0
0.004375 1.9 -0.004375  0 1
9
0.004375 1.9 -0.004375  0 1
0.00625 1.9 0  0 0
0.025 1.8 0 1 0
9
// podstawka_klosza6
0.0175 1.8 -0.0175 1 0
0 1.8 -0.025  0 0
0 1.9 -0.00625  0 1
9
0 1.9 -0.00625  0 1
0.004375 1.9 -0.004375  0 0
0.0175 1.8 -0.0175 1 0
9
// podstawka_klosza7
-0.025 1.8 0 1 0
-0.0175 1.8 0.0175  0 0
-0.004375 1.9 0.004375  0 1
9
-0.00625 1.9 0  0 0
-0.025 1.8 0 1 0
-0.004375 1.9 0.004375  0 1
9
// podstawka_klosza8
-0.0175 1.8 0.0175 1 0
0 1.8 0.025  0 0
0 1.9 0.00625  0 1
9
0 1.9 0.00625  0 1
-0.004375 1.9 0.004375  0 0
-0.0175 1.8 0.0175 1 0
9 