
NUMPOLLIES 12

// tzw. "pryndzel przeciwpozarowy"
0  0.035  0 0 1
0  0.065  0 0 0
0   0.065  0.03 1 0
 17

0 0.065  0.03 1 0
0  0.035  0.03 1 1
0  0.035  0 0 1
 17

// pozarowy_przycisk_A
0  0  0 0 1
0  0.03  0 0 0
0.005  0.03  0 1 0
 19

0.005  0.03  0 1 0
0.005  0  0 1 1
0  0  0 0 1
 19

// pozarowy_przycisk_B
0.005  0  0 0 0
0.005  0.03  0 0 1
0.005  0.03  0.03 1 1
 18

0.005  0.03  0.03 1 1
0.005  0  0.03 1 0
0.005  0  0 0 0
 18

// pozarowy_przycisk_C
0.005  0  0.03 0 1
0.005  0.03  0.03 0 0
0  0.03  0.03 1 0
 19

0  0.03  0.03 1 0
0  0  0.03 1 1
0.005  0  0.03 0 1
 19


// pozarowy_przycisk_E
0  0  0.03 0 1
0  0  0 0 0
0.005  0  0 1 0
 19

0.005  0  0 1 0
0.005  0  0.03 1 1
0  0  0.03 0 1
 19

// pozarowy_przycisk_F
0  0.03  0 0 1
0  0.03  0.03 0 0
0.005  0.03  0.03 1 0
 19

0.005  0.03  0.03 1 0
0.005  0.03  0 1 1
0  0.03  0 0 1
 19
