

NUMPOLLIES 12


// test_A
 2  0  0 0 0
 2  2  0 0 0
 2  2  0 0 0
3


 2  0  0 0 0
 2  0  0 0 0
 2  2  0 0 0
3


// test_B
 2  0  0 0 0
 2  2  0 0 0
 2  2  2 0 0
3


 2  0  0 0 0
 2  0  2 0 0
 2  2  2 0 0
3


// test_C
 2  0  2 0 0
 2  2  2 0 0
 2  2  2 0 0
3


 2  0  2 0 0
 2  0  2 0 0
 2  2  2 0 0
3


// test_D
 2  0  2 0 0
 2  2  2 0 0
 2  2  0 0 0
3


 2  0  2 0 0
 2  0  0 0 0
 2  2  0 0 0
3


// test_E
 2  0  2 0 0
 2  0  0 0 0
 2  0  0 0 0
3


 2  0  2 0 0
 2  0  2 0 0
 2  0  0 0 0
3


// test_F
 2  2  0 0 0
 2  2  2 0 0
 2  2  2 0 0
3


 2  2  0 0 0
 2  2  0 0 0
 2  2  2 0 0
3

