

NUMPOLLIES 12


// test_A
-1.06837e+062 -9.25596e+061 -1.06837e+062 0 2
-1.23317e+062 -9.25596e+061 -1.23317e+062 0 0
-1.42339e+062 -9.25596e+061 -1.42338e+062 2 0
3


-1.64294e+062 -9.25596e+061 -1.64294e+062 0 2
-1.89637e+062 -9.25596e+061 -1.89637e+062 2 2
-2.18889e+062 -9.25596e+061 -2.18889e+062 2 0
3


// test_B
-2.52653e+062 -9.25596e+061 -2.52653e+062 0 2
-2.91625e+062 -9.25596e+061 -2.91624e+062 0 0
-3.36608e+062 -9.25596e+061 -3.36608e+062 2 0
3


-3.8853e+062 -9.25596e+061 -3.8853e+062 0 2
-4.48462e+062 -9.25596e+061 -4.48461e+062 2 2
-5.17637e+062 -9.25596e+061 -5.17637e+062 2 0
3


// test_C
-5.97483e+062 -9.25596e+061 -5.97483e+062 0 2
-6.89646e+062 -9.25596e+061 -6.89646e+062 0 0
-7.96024e+062 -9.25596e+061 -7.96024e+062 2 0
3


-9.18812e+062 -9.25596e+061 -9.18812e+062 0 2
-1.06054e+063 -9.25596e+061 -1.06054e+063 2 2
-1.22413e+063 -9.25596e+061 -1.22413e+063 2 0
3


// test_D
-1.41295e+063 -9.25596e+061 -1.41295e+063 0 2
-1.6309e+063 -9.25596e+061 -1.6309e+063 0 0
-1.88247e+063 -9.25596e+061 -1.88247e+063 2 0
3


-2.17284e+063 -9.25596e+061 -2.17285e+063 0 2
-2.508e+063 -9.25596e+061 -2.50801e+063 2 2
-2.89487e+063 -9.25596e+061 -2.89488e+063 2 0
3


// test_E
-3.3414e+063 -9.25596e+061 -3.34141e+063 0 2
-3.85682e+063 -9.25596e+061 -3.85683e+063 0 0
-4.45174e+063 -9.25596e+061 -4.45175e+063 2 0
3


-5.13842e+063 -9.25596e+061 -5.13844e+063 0 2
-5.93103e+063 -9.25596e+061 -5.93105e+063 2 2
-6.8459e+063 -9.25596e+061 -6.84592e+063 2 0
3


// test_F
-7.90189e+063 -9.25596e+061 -7.90191e+063 0 2
-9.12076e+063 -9.25596e+061 -9.12079e+063 0 0
-1.05277e+064 -9.25596e+061 -1.05277e+064 2 0
3


-1.21516e+064 -9.25596e+061 -1.21516e+064 0 2
-1.40259e+064 -9.25596e+061 -1.4026e+064 2 2
-1.61895e+064 -9.25596e+061 -1.61895e+064 2 0
3

