

NUMPOLLIES 12


// test_A
 0  0  0 0 2
 0  2  0 0 0
 3.70181  2  0 2 0
3


 0  0  0 0 2
 3.70181  0  0 2 2
 3.70181  2  0 2 0
3


// test_B
 3.70181  0  0 0 2
 3.70181  2  0 0 0
 3.70181  2  3.05064 2 0
3


 3.70181  0  0 0 2
 3.70181  0  3.05064 2 2
 3.70181  2  3.05064 2 0
3


// test_C
 3.70181  0  3.05064 0 2
 3.70181  2  3.05064 0 0
 0  2  3.05064 2 0
3


 3.70181  0  3.05064 0 2
 0  0  3.05064 2 2
 0  2  3.05064 2 0
3


// test_D
 0  0  3.05064 0 2
 0  2  3.05064 0 0
 0  2  0 2 0
3


 0  0  3.05064 0 2
 0  0  0 2 2
 0  2  0 2 0
3


// test_E
 0  0  3.05064 0 2
 0  0  0 0 0
 3.70181  0  0 2 0
3


 0  0  3.05064 0 2
 3.70181  0  3.05064 2 2
 3.70181  0  0 2 0
3


// test_F
 0  2  0 0 2
 0  2  3.05064 0 0
 3.70181  2  3.05064 2 0
3


 0  2  0 0 2
 3.70181  2  0 2 2
 3.70181  2  3.05064 2 0
3

