
NUMPOLLIES 10

// drzwi #1
// drzwi_A
 0  0  0 0 1
 0  0.08  0 0 0
 0.04  0.08  0 1 0
 8

 0  0  0 0 1
 0.04  0  0 1 1
 0.04  0.08  0 1 0
 8

// drzwi_B
 0.04  0  0 0 1
 0.04  0.08  0 0 0
 0.04  0.08  0.4 1 0
 8

 0.04  0  0 0 1
 0.04  0  0.4 1 1
 0.04  0.08  0.4 1 0
 8

// drzwi_C
 0.04  0  0.4 0 1
 0.04  0.08  0.4 0 0
 0  0.08  0.4 1 0
 8

 0.04  0  0.4 0 1
 0  0  0.4 1 1
 0  0.08  0.4 1 0
 8

// drzwi_D
 0  0  0.4 0 1
 0  0.08  0.4 0 0
 0  0.08  0 1 0
 8

 0  0  0.4 0 1
 0  0  0 1 1
 0  0.08  0 1 0
 8

// drzwi_F
 0  0.08  0 0 1
 0  0.08  0.4 0 0
 0.04  0.08  0.4 1 0
 8

 0  0.08  0 0 1
 0.04  0.08  0 1 1
 0.04  0.08  0.4 1 0
 8


// lacznie trojkatow : 10
