
NUMPOLLIES 10

// kwadrat_sufitu2 #1
// kwadrat_sufitu2_E
-3.5255  1.83  4.3722 0 1
-3.5255  1.83  4.759 0 0
-3.849  1.83  4.759 1 0
 11

-3.849  1.83  4.759 1 0
-3.849  1.83  4.3722 1 1
-3.5255  1.83  4.3722 0 1
 11

// kwadrat_sufitu2 #2
// kwadrat_sufitu2_E
-3.5255  1.83  3.9844 0 1
-3.5255  1.83  4.3712 0 0
-3.849  1.83  4.3712 1 0
 11

-3.849  1.83  4.3712 1 0
-3.849  1.83  3.9844 1 1
-3.5255  1.83  3.9844 0 1
 11

// kwadrat_sufitu2 #3
// kwadrat_sufitu2_E
-3.5255  1.83  3.5966 0 1
-3.5255  1.83  3.9834 0 0
-3.849  1.83  3.9834 1 0
 11

-3.849  1.83  3.9834 1 0
-3.849  1.83  3.5966 1 1
-3.5255  1.83  3.5966 0 1
 11

// kwadrat_sufitu2 #4
// kwadrat_sufitu2_E
-3.5255  1.83  3.2088 0 1
-3.5255  1.83  3.5956 0 0
-3.849  1.83  3.5956 1 0
 11

-3.849  1.83  3.5956 1 0
-3.849  1.83  3.2088 1 1
-3.5255  1.83  3.2088 0 1
 11

// kwadrat_sufitu2 #5
// kwadrat_sufitu2_E
-3.5255  1.83  2.821 0 1
-3.5255  1.83  3.2078 0 0
-3.849  1.83  3.2078 1 0
 11

-3.849  1.83  3.2078 1 0
-3.849  1.83  2.821 1 1
-3.5255  1.83  2.821 0 1
 11


// lacznie trojkatow : 10
