
NUMPOLLIES 80

// nad_drzwiami_okna #1
// nad_drzwiami_okna_A
 0.02  0.79  0 0 1
 0.02  0.99  0 0 0
 0.03  0.99  0 1 0
 8

 0.02  0.79  0 0 1
 0.03  0.79  0 1 1
 0.03  0.99  0 1 0
 8

// nad_drzwiami_okna_B
 0.03  0.79  0 0 1
 0.03  0.99  0 0 0
 0.03  0.99  0.03 1 0
 9

 0.03  0.79  0 0 1
 0.03  0.79  0.03 1 1
 0.03  0.99  0.03 1 0
 9

// nad_drzwiami_okna_C
 0.03  0.79  0.03 0 1
 0.03  0.99  0.03 0 0
 0.02  0.99  0.03 1 0
 8

 0.03  0.79  0.03 0 1
 0.02  0.79  0.03 1 1
 0.02  0.99  0.03 1 0
 8

// nad_drzwiami_okna_D
 0.02  0.79  0.03 0 1
 0.02  0.99  0.03 0 0
 0.02  0.99  0 1 0
 9

 0.02  0.79  0.03 0 1
 0.02  0.79  0 1 1
 0.02  0.99  0 1 0
 9

// nad_drzwiami_okna #2
// nad_drzwiami_okna_A
 0.02  0.79  0.327777 0 1
 0.02  0.99  0.327777 0 0
 0.03  0.99  0.327777 1 0
 8

 0.02  0.79  0.327777 0 1
 0.03  0.79  0.327777 1 1
 0.03  0.99  0.327777 1 0
 8

// nad_drzwiami_okna_B
 0.03  0.79  0.327777 0 1
 0.03  0.99  0.327777 0 0
 0.03  0.99  0.357777 1 0
 9

 0.03  0.79  0.327777 0 1
 0.03  0.79  0.357777 1 1
 0.03  0.99  0.357777 1 0
 9

// nad_drzwiami_okna_C
 0.03  0.79  0.357777 0 1
 0.03  0.99  0.357777 0 0
 0.02  0.99  0.357777 1 0
 8

 0.03  0.79  0.357777 0 1
 0.02  0.79  0.357777 1 1
 0.02  0.99  0.357777 1 0
 8

// nad_drzwiami_okna_D
 0.02  0.79  0.357777 0 1
 0.02  0.99  0.357777 0 0
 0.02  0.99  0.327777 1 0
 9

 0.02  0.79  0.357777 0 1
 0.02  0.79  0.327777 1 1
 0.02  0.99  0.327777 1 0
 9

// nad_drzwiami_okna #3
// nad_drzwiami_okna_A
 0.02  0.79  0.655554 0 1
 0.02  0.99  0.655554 0 0
 0.03  0.99  0.655554 1 0
 8

 0.02  0.79  0.655554 0 1
 0.03  0.79  0.655554 1 1
 0.03  0.99  0.655554 1 0
 8

// nad_drzwiami_okna_B
 0.03  0.79  0.655554 0 1
 0.03  0.99  0.655554 0 0
 0.03  0.99  0.685554 1 0
 9

 0.03  0.79  0.655554 0 1
 0.03  0.79  0.685554 1 1
 0.03  0.99  0.685554 1 0
 9

// nad_drzwiami_okna_C
 0.03  0.79  0.685554 0 1
 0.03  0.99  0.685554 0 0
 0.02  0.99  0.685554 1 0
 8

 0.03  0.79  0.685554 0 1
 0.02  0.79  0.685554 1 1
 0.02  0.99  0.685554 1 0
 8

// nad_drzwiami_okna_D
 0.02  0.79  0.685554 0 1
 0.02  0.99  0.685554 0 0
 0.02  0.99  0.655554 1 0
 9

 0.02  0.79  0.685554 0 1
 0.02  0.79  0.655554 1 1
 0.02  0.99  0.655554 1 0
 9

// nad_drzwiami_okna #4
// nad_drzwiami_okna_A
 0.02  0.79  0.983331 0 1
 0.02  0.99  0.983331 0 0
 0.03  0.99  0.983331 1 0
 8

 0.02  0.79  0.983331 0 1
 0.03  0.79  0.983331 1 1
 0.03  0.99  0.983331 1 0
 8

// nad_drzwiami_okna_B
 0.03  0.79  0.983331 0 1
 0.03  0.99  0.983331 0 0
 0.03  0.99  1.01333 1 0
 9

 0.03  0.79  0.983331 0 1
 0.03  0.79  1.01333 1 1
 0.03  0.99  1.01333 1 0
 9

// nad_drzwiami_okna_C
 0.03  0.79  1.01333 0 1
 0.03  0.99  1.01333 0 0
 0.02  0.99  1.01333 1 0
 8

 0.03  0.79  1.01333 0 1
 0.02  0.79  1.01333 1 1
 0.02  0.99  1.01333 1 0
 8

// nad_drzwiami_okna_D
 0.02  0.79  1.01333 0 1
 0.02  0.99  1.01333 0 0
 0.02  0.99  0.983331 1 0
 9

 0.02  0.79  1.01333 0 1
 0.02  0.79  0.983331 1 1
 0.02  0.99  0.983331 1 0
 9

// nad_drzwiami_okna #5
// nad_drzwiami_okna_A
 0.02  0.79  1.31111 0 1
 0.02  0.99  1.31111 0 0
 0.03  0.99  1.31111 1 0
 8

 0.02  0.79  1.31111 0 1
 0.03  0.79  1.31111 1 1
 0.03  0.99  1.31111 1 0
 8

// nad_drzwiami_okna_B
 0.03  0.79  1.31111 0 1
 0.03  0.99  1.31111 0 0
 0.03  0.99  1.34111 1 0
 9

 0.03  0.79  1.31111 0 1
 0.03  0.79  1.34111 1 1
 0.03  0.99  1.34111 1 0
 9

// nad_drzwiami_okna_C
 0.03  0.79  1.34111 0 1
 0.03  0.99  1.34111 0 0
 0.02  0.99  1.34111 1 0
 8

 0.03  0.79  1.34111 0 1
 0.02  0.79  1.34111 1 1
 0.02  0.99  1.34111 1 0
 8

// nad_drzwiami_okna_D
 0.02  0.79  1.34111 0 1
 0.02  0.99  1.34111 0 0
 0.02  0.99  1.31111 1 0
 9

 0.02  0.79  1.34111 0 1
 0.02  0.79  1.31111 1 1
 0.02  0.99  1.31111 1 0
 9

// nad_drzwiami_okna #6
// nad_drzwiami_okna_A
 0.02  0.79  1.63888 0 1
 0.02  0.99  1.63888 0 0
 0.03  0.99  1.63888 1 0
 8

 0.02  0.79  1.63888 0 1
 0.03  0.79  1.63888 1 1
 0.03  0.99  1.63888 1 0
 8

// nad_drzwiami_okna_B
 0.03  0.79  1.63888 0 1
 0.03  0.99  1.63888 0 0
 0.03  0.99  1.66889 1 0
 9

 0.03  0.79  1.63888 0 1
 0.03  0.79  1.66889 1 1
 0.03  0.99  1.66889 1 0
 9

// nad_drzwiami_okna_C
 0.03  0.79  1.66889 0 1
 0.03  0.99  1.66889 0 0
 0.02  0.99  1.66889 1 0
 8

 0.03  0.79  1.66889 0 1
 0.02  0.79  1.66889 1 1
 0.02  0.99  1.66889 1 0
 8

// nad_drzwiami_okna_D
 0.02  0.79  1.66889 0 1
 0.02  0.99  1.66889 0 0
 0.02  0.99  1.63888 1 0
 9

 0.02  0.79  1.66889 0 1
 0.02  0.79  1.63888 1 1
 0.02  0.99  1.63888 1 0
 9

// nad_drzwiami_okna #7
// nad_drzwiami_okna_A
 0.02  0.79  1.96666 0 1
 0.02  0.99  1.96666 0 0
 0.03  0.99  1.96666 1 0
 8

 0.02  0.79  1.96666 0 1
 0.03  0.79  1.96666 1 1
 0.03  0.99  1.96666 1 0
 8

// nad_drzwiami_okna_B
 0.03  0.79  1.96666 0 1
 0.03  0.99  1.96666 0 0
 0.03  0.99  1.99666 1 0
 9

 0.03  0.79  1.96666 0 1
 0.03  0.79  1.99666 1 1
 0.03  0.99  1.99666 1 0
 9

// nad_drzwiami_okna_C
 0.03  0.79  1.99666 0 1
 0.03  0.99  1.99666 0 0
 0.02  0.99  1.99666 1 0
 8

 0.03  0.79  1.99666 0 1
 0.02  0.79  1.99666 1 1
 0.02  0.99  1.99666 1 0
 8

// nad_drzwiami_okna_D
 0.02  0.79  1.99666 0 1
 0.02  0.99  1.99666 0 0
 0.02  0.99  1.96666 1 0
 9

 0.02  0.79  1.99666 0 1
 0.02  0.79  1.96666 1 1
 0.02  0.99  1.96666 1 0
 9

// nad_drzwiami_okna #8
// nad_drzwiami_okna_A
 0.02  0.79  2.29444 0 1
 0.02  0.99  2.29444 0 0
 0.03  0.99  2.29444 1 0
 8

 0.02  0.79  2.29444 0 1
 0.03  0.79  2.29444 1 1
 0.03  0.99  2.29444 1 0
 8

// nad_drzwiami_okna_B
 0.03  0.79  2.29444 0 1
 0.03  0.99  2.29444 0 0
 0.03  0.99  2.32444 1 0
 9

 0.03  0.79  2.29444 0 1
 0.03  0.79  2.32444 1 1
 0.03  0.99  2.32444 1 0
 9

// nad_drzwiami_okna_C
 0.03  0.79  2.32444 0 1
 0.03  0.99  2.32444 0 0
 0.02  0.99  2.32444 1 0
 8

 0.03  0.79  2.32444 0 1
 0.02  0.79  2.32444 1 1
 0.02  0.99  2.32444 1 0
 8

// nad_drzwiami_okna_D
 0.02  0.79  2.32444 0 1
 0.02  0.99  2.32444 0 0
 0.02  0.99  2.29444 1 0
 9

 0.02  0.79  2.32444 0 1
 0.02  0.79  2.29444 1 1
 0.02  0.99  2.29444 1 0
 9

// nad_drzwiami_okna #9
// nad_drzwiami_okna_A
 0.02  0.79  2.62222 0 1
 0.02  0.99  2.62222 0 0
 0.03  0.99  2.62222 1 0
 8

 0.02  0.79  2.62222 0 1
 0.03  0.79  2.62222 1 1
 0.03  0.99  2.62222 1 0
 8

// nad_drzwiami_okna_B
 0.03  0.79  2.62222 0 1
 0.03  0.99  2.62222 0 0
 0.03  0.99  2.65222 1 0
 9

 0.03  0.79  2.62222 0 1
 0.03  0.79  2.65222 1 1
 0.03  0.99  2.65222 1 0
 9

// nad_drzwiami_okna_C
 0.03  0.79  2.65222 0 1
 0.03  0.99  2.65222 0 0
 0.02  0.99  2.65222 1 0
 8

 0.03  0.79  2.65222 0 1
 0.02  0.79  2.65222 1 1
 0.02  0.99  2.65222 1 0
 8

// nad_drzwiami_okna_D
 0.02  0.79  2.65222 0 1
 0.02  0.99  2.65222 0 0
 0.02  0.99  2.62222 1 0
 9

 0.02  0.79  2.65222 0 1
 0.02  0.79  2.62222 1 1
 0.02  0.99  2.62222 1 0
 9

// nad_drzwiami_okna #10
// nad_drzwiami_okna_A
 0.02  0.79  2.94999 0 1
 0.02  0.99  2.94999 0 0
 0.03  0.99  2.94999 1 0
 8

 0.02  0.79  2.94999 0 1
 0.03  0.79  2.94999 1 1
 0.03  0.99  2.94999 1 0
 8

// nad_drzwiami_okna_B
 0.03  0.79  2.94999 0 1
 0.03  0.99  2.94999 0 0
 0.03  0.99  2.97999 1 0
 9

 0.03  0.79  2.94999 0 1
 0.03  0.79  2.97999 1 1
 0.03  0.99  2.97999 1 0
 9

// nad_drzwiami_okna_C
 0.03  0.79  2.97999 0 1
 0.03  0.99  2.97999 0 0
 0.02  0.99  2.97999 1 0
 8

 0.03  0.79  2.97999 0 1
 0.02  0.79  2.97999 1 1
 0.02  0.99  2.97999 1 0
 8

// nad_drzwiami_okna_D
 0.02  0.79  2.97999 0 1
 0.02  0.99  2.97999 0 0
 0.02  0.99  2.94999 1 0
 9

 0.02  0.79  2.97999 0 1
 0.02  0.79  2.94999 1 1
 0.02  0.99  2.94999 1 0
 9

// nad_drzwiami_okna #11
// nad_drzwiami_okna_A
 0.02  0.79  3.27777 0 1
 0.02  0.99  3.27777 0 0
 0.03  0.99  3.27777 1 0
 8

 0.02  0.79  3.27777 0 1
 0.03  0.79  3.27777 1 1
 0.03  0.99  3.27777 1 0
 8

// nad_drzwiami_okna_B
 0.03  0.79  3.27777 0 1
 0.03  0.99  3.27777 0 0
 0.03  0.99  3.30777 1 0
 9

 0.03  0.79  3.27777 0 1
 0.03  0.79  3.30777 1 1
 0.03  0.99  3.30777 1 0
 9

// nad_drzwiami_okna_C
 0.03  0.79  3.30777 0 1
 0.03  0.99  3.30777 0 0
 0.02  0.99  3.30777 1 0
 8

 0.03  0.79  3.30777 0 1
 0.02  0.79  3.30777 1 1
 0.02  0.99  3.30777 1 0
 8

// nad_drzwiami_okna_D
 0.02  0.79  3.30777 0 1
 0.02  0.99  3.30777 0 0
 0.02  0.99  3.27777 1 0
 9

 0.02  0.79  3.30777 0 1
 0.02  0.79  3.27777 1 1
 0.02  0.99  3.27777 1 0
 9


// lacznie trojkatow : 88
