
NUMPOLLIES 30

// 15 #1
// 15_A
 0.072857  0.05066  0.5699 0 1
 0.072857  0.10132  0.5699 0 0
 0.092857  0.10132  0.5699 1 0
 10

 0.072857  0.05066  0.5699 0 1
 0.092857  0.05066  0.5699 1 1
 0.092857  0.10132  0.5699 1 0
 10

// 15 #2
// 15_A
 0.165714  0.10132  0.5699 0 1
 0.165714  0.15198  0.5699 0 0
 0.185714  0.15198  0.5699 1 0
 10

 0.165714  0.10132  0.5699 0 1
 0.185714  0.10132  0.5699 1 1
 0.185714  0.15198  0.5699 1 0
 10

// 15 #3
// 15_A
 0.258571  0.15198  0.5699 0 1
 0.258571  0.20264  0.5699 0 0
 0.278571  0.20264  0.5699 1 0
 10

 0.258571  0.15198  0.5699 0 1
 0.278571  0.15198  0.5699 1 1
 0.278571  0.20264  0.5699 1 0
 10

// 15 #4
// 15_A
 0.351428  0.20264  0.5699 0 1
 0.351428  0.2533  0.5699 0 0
 0.371428  0.2533  0.5699 1 0
 10

 0.351428  0.20264  0.5699 0 1
 0.371428  0.20264  0.5699 1 1
 0.371428  0.2533  0.5699 1 0
 10

// 15 #5
// 15_A
 0.444285  0.2533  0.5699 0 1
 0.444285  0.30396  0.5699 0 0
 0.464285  0.30396  0.5699 1 0
 10

 0.444285  0.2533  0.5699 0 1
 0.464285  0.2533  0.5699 1 1
 0.464285  0.30396  0.5699 1 0
 10

// 15 #6
// 15_A
 0.537142  0.30396  0.5699 0 1
 0.537142  0.35462  0.5699 0 0
 0.557142  0.35462  0.5699 1 0
 10

 0.537142  0.30396  0.5699 0 1
 0.557142  0.30396  0.5699 1 1
 0.557142  0.35462  0.5699 1 0
 10

// 15 #7
// 15_A
 0.629999  0.35462  0.5699 0 1
 0.629999  0.40528  0.5699 0 0
 0.649999  0.40528  0.5699 1 0
 10

 0.629999  0.35462  0.5699 0 1
 0.649999  0.35462  0.5699 1 1
 0.649999  0.40528  0.5699 1 0
 10

// 15 #8
// 15_A
 0.722856  0.40528  0.5699 0 1
 0.722856  0.45594  0.5699 0 0
 0.742856  0.45594  0.5699 1 0
 10

 0.722856  0.40528  0.5699 0 1
 0.742856  0.40528  0.5699 1 1
 0.742856  0.45594  0.5699 1 0
 10

// 15 #9
// 15_A
 0.815713  0.45594  0.5699 0 1
 0.815713  0.5066  0.5699 0 0
 0.835713  0.5066  0.5699 1 0
 10

 0.815713  0.45594  0.5699 0 1
 0.835713  0.45594  0.5699 1 1
 0.835713  0.5066  0.5699 1 0
 10

// 15 #10
// 15_A
 0.90857  0.5066  0.5699 0 1
 0.90857  0.55726  0.5699 0 0
 0.92857  0.55726  0.5699 1 0
 10

 0.90857  0.5066  0.5699 0 1
 0.92857  0.5066  0.5699 1 1
 0.92857  0.55726  0.5699 1 0
 10

// 15 #11
// 15_A
 1.00143  0.55726  0.5699 0 1
 1.00143  0.60792  0.5699 0 0
 1.02143  0.60792  0.5699 1 0
 10

 1.00143  0.55726  0.5699 0 1
 1.02143  0.55726  0.5699 1 1
 1.02143  0.60792  0.5699 1 0
 10

// 15 #12
// 15_A
 1.09428  0.60792  0.5699 0 1
 1.09428  0.65858  0.5699 0 0
 1.11428  0.65858  0.5699 1 0
 10

 1.09428  0.60792  0.5699 0 1
 1.11428  0.60792  0.5699 1 1
 1.11428  0.65858  0.5699 1 0
 10

// 15 #13
// 15_A
 1.18714  0.65858  0.5699 0 1
 1.18714  0.70924  0.5699 0 0
 1.20714  0.70924  0.5699 1 0
 10

 1.18714  0.65858  0.5699 0 1
 1.20714  0.65858  0.5699 1 1
 1.20714  0.70924  0.5699 1 0
 10

// 15 #14
// 15_A
 1.28  0.70924  0.5699 0 1
 1.28  0.7599  0.5699 0 0
 1.3  0.7599  0.5699 1 0
 10

 1.28  0.70924  0.5699 0 1
 1.3  0.70924  0.5699 1 1
 1.3  0.7599  0.5699 1 0
 10

// 15 #15
// 15_A
 1.37285  0.7599  0.5699 0 1
 1.37285  0.81056  0.5699 0 0
 1.39285  0.81056  0.5699 1 0
 10

 1.37285  0.7599  0.5699 0 1
 1.39285  0.7599  0.5699 1 1
 1.39285  0.81056  0.5699 1 0
 10


// lacznie trojkatow : 30
