
NUMPOLLIES 12

// pasek_Czarny #1
// pasek_Czarny_E
-3.201  1.83  2.821 0 1
-3.201  1.83  2.82 0 0
-3.849  1.83  2.82 1 0
 5

-3.849  1.83  2.82 1 0
-3.849  1.83  2.821 1 1
-3.201  1.83  2.821 0 1
 5

// pasek_Czarny #2
// pasek_Czarny_E
-3.201  1.83  2.4332 0 1
-3.201  1.83  2.4322 0 0
-3.849  1.83  2.4322 1 0
 5

-3.849  1.83  2.4322 1 0
-3.849  1.83  2.4332 1 1
-3.201  1.83  2.4332 0 1
 5

// pasek_Czarny #3
// pasek_Czarny_E
-3.201  1.83  2.0454 0 1
-3.201  1.83  2.0444 0 0
-3.849  1.83  2.0444 1 0
 5

-3.849  1.83  2.0444 1 0
-3.849  1.83  2.0454 1 1
-3.201  1.83  2.0454 0 1
 5

// pasek_Czarny #4
// pasek_Czarny_E
-3.201  1.83  1.6576 0 1
-3.201  1.83  1.6566 0 0
-3.849  1.83  1.6566 1 0
 5

-3.849  1.83  1.6566 1 0
-3.849  1.83  1.6576 1 1
-3.201  1.83  1.6576 0 1
 5

// pasek_Czarny #5
// pasek_Czarny_E
-3.201  1.83  1.2698 0 1
-3.201  1.83  1.2688 0 0
-3.849  1.83  1.2688 1 0
 5

-3.849  1.83  1.2688 1 0
-3.849  1.83  1.2698 1 1
-3.201  1.83  1.2698 0 1
 5

// pasek_Czarny #6
// pasek_Czarny_E
-3.201  1.83  0.882 0 1
-3.201  1.83  0.881 0 0
-3.849  1.83  0.881 1 0
 5

-3.849  1.83  0.881 1 0
-3.849  1.83  0.882 1 1
-3.201  1.83  0.882 0 1
 5


// lacznie trojkatow : 12
