
NUMPOLLIES xx 

// rama_nad_wejsciem_pion #1
// rama_nad_wejsciem_pion_A
 0.08  1.6552  0.37714 0 1
 0.08  5.97  0.37714 0 0
 0.1  5.97  0.37714 1 0
 5

 0.08  1.6552  0.37714 0 1
 0.1  1.6552  0.37714 1 1
 0.1  5.97  0.37714 1 0
 5

// rama_nad_wejsciem_pion_B
 0.1  1.6552  0.37714 0 1
 0.1  5.97  0.37714 0 0
 0.1  5.97  0.38714 1 0
 5

 0.1  1.6552  0.37714 0 1
 0.1  1.6552  0.38714 1 1
 0.1  5.97  0.38714 1 0
 5

// rama_nad_wejsciem_pion_C
 0.1  1.6552  0.38714 0 1
 0.1  5.97  0.38714 0 0
 0.08  5.97  0.38714 1 0
 5

 0.1  1.6552  0.38714 0 1
 0.08  1.6552  0.38714 1 1
 0.08  5.97  0.38714 1 0
 5

// rama_nad_wejsciem_pion_D
 0.08  1.6552  0.38714 0 1
 0.08  5.97  0.38714 0 0
 0.08  5.97  0.37714 1 0
 5

 0.08  1.6552  0.38714 0 1
 0.08  1.6552  0.37714 1 1
 0.08  5.97  0.37714 1 0
 5

// rama_nad_wejsciem_pion #2
// rama_nad_wejsciem_pion_A
 0.08  1.6552  0.73428 0 1
 0.08  5.97  0.73428 0 0
 0.1  5.97  0.73428 1 0
 5

 0.08  1.6552  0.73428 0 1
 0.1  1.6552  0.73428 1 1
 0.1  5.97  0.73428 1 0
 5

// rama_nad_wejsciem_pion_B
 0.1  1.6552  0.73428 0 1
 0.1  5.97  0.73428 0 0
 0.1  5.97  0.74428 1 0
 5

 0.1  1.6552  0.73428 0 1
 0.1  1.6552  0.74428 1 1
 0.1  5.97  0.74428 1 0
 5

// rama_nad_wejsciem_pion_C
 0.1  1.6552  0.74428 0 1
 0.1  5.97  0.74428 0 0
 0.08  5.97  0.74428 1 0
 5

 0.1  1.6552  0.74428 0 1
 0.08  1.6552  0.74428 1 1
 0.08  5.97  0.74428 1 0
 5

// rama_nad_wejsciem_pion_D
 0.08  1.6552  0.74428 0 1
 0.08  5.97  0.74428 0 0
 0.08  5.97  0.73428 1 0
 5

 0.08  1.6552  0.74428 0 1
 0.08  1.6552  0.73428 1 1
 0.08  5.97  0.73428 1 0
 5

// rama_nad_wejsciem_pion #3
// rama_nad_wejsciem_pion_A
 0.08  1.6552  1.09142 0 1
 0.08  5.97  1.09142 0 0
 0.1  5.97  1.09142 1 0
 5

 0.08  1.6552  1.09142 0 1
 0.1  1.6552  1.09142 1 1
 0.1  5.97  1.09142 1 0
 5

// rama_nad_wejsciem_pion_B
 0.1  1.6552  1.09142 0 1
 0.1  5.97  1.09142 0 0
 0.1  5.97  1.10142 1 0
 5

 0.1  1.6552  1.09142 0 1
 0.1  1.6552  1.10142 1 1
 0.1  5.97  1.10142 1 0
 5

// rama_nad_wejsciem_pion_C
 0.1  1.6552  1.10142 0 1
 0.1  5.97  1.10142 0 0
 0.08  5.97  1.10142 1 0
 5

 0.1  1.6552  1.10142 0 1
 0.08  1.6552  1.10142 1 1
 0.08  5.97  1.10142 1 0
 5

// rama_nad_wejsciem_pion_D
 0.08  1.6552  1.10142 0 1
 0.08  5.97  1.10142 0 0
 0.08  5.97  1.09142 1 0
 5

 0.08  1.6552  1.10142 0 1
 0.08  1.6552  1.09142 1 1
 0.08  5.97  1.09142 1 0
 5

// rama_nad_wejsciem_pion #4
// rama_nad_wejsciem_pion_A
 0.08  1.6552  1.44856 0 1
 0.08  5.97  1.44856 0 0
 0.1  5.97  1.44856 1 0
 5

 0.08  1.6552  1.44856 0 1
 0.1  1.6552  1.44856 1 1
 0.1  5.97  1.44856 1 0
 5

// rama_nad_wejsciem_pion_B
 0.1  1.6552  1.44856 0 1
 0.1  5.97  1.44856 0 0
 0.1  5.97  1.45856 1 0
 5

 0.1  1.6552  1.44856 0 1
 0.1  1.6552  1.45856 1 1
 0.1  5.97  1.45856 1 0
 5

// rama_nad_wejsciem_pion_C
 0.1  1.6552  1.45856 0 1
 0.1  5.97  1.45856 0 0
 0.08  5.97  1.45856 1 0
 5

 0.1  1.6552  1.45856 0 1
 0.08  1.6552  1.45856 1 1
 0.08  5.97  1.45856 1 0
 5

// rama_nad_wejsciem_pion_D
 0.08  1.6552  1.45856 0 1
 0.08  5.97  1.45856 0 0
 0.08  5.97  1.44856 1 0
 5

 0.08  1.6552  1.45856 0 1
 0.08  1.6552  1.44856 1 1
 0.08  5.97  1.44856 1 0
 5

// rama_nad_wejsciem_pion #5
// rama_nad_wejsciem_pion_A
 0.08  1.6552  1.8057 0 1
 0.08  5.97  1.8057 0 0
 0.1  5.97  1.8057 1 0
 5

 0.08  1.6552  1.8057 0 1
 0.1  1.6552  1.8057 1 1
 0.1  5.97  1.8057 1 0
 5

// rama_nad_wejsciem_pion_B
 0.1  1.6552  1.8057 0 1
 0.1  5.97  1.8057 0 0
 0.1  5.97  1.8157 1 0
 5

 0.1  1.6552  1.8057 0 1
 0.1  1.6552  1.8157 1 1
 0.1  5.97  1.8157 1 0
 5

// rama_nad_wejsciem_pion_C
 0.1  1.6552  1.8157 0 1
 0.1  5.97  1.8157 0 0
 0.08  5.97  1.8157 1 0
 5

 0.1  1.6552  1.8157 0 1
 0.08  1.6552  1.8157 1 1
 0.08  5.97  1.8157 1 0
 5

// rama_nad_wejsciem_pion_D
 0.08  1.6552  1.8157 0 1
 0.08  5.97  1.8157 0 0
 0.08  5.97  1.8057 1 0
 5

 0.08  1.6552  1.8157 0 1
 0.08  1.6552  1.8057 1 1
 0.08  5.97  1.8057 1 0
 5

// rama_nad_wejsciem_pion #6
// rama_nad_wejsciem_pion_A
 0.08  1.6552  2.16284 0 1
 0.08  5.97  2.16284 0 0
 0.1  5.97  2.16284 1 0
 5

 0.08  1.6552  2.16284 0 1
 0.1  1.6552  2.16284 1 1
 0.1  5.97  2.16284 1 0
 5

// rama_nad_wejsciem_pion_B
 0.1  1.6552  2.16284 0 1
 0.1  5.97  2.16284 0 0
 0.1  5.97  2.17284 1 0
 5

 0.1  1.6552  2.16284 0 1
 0.1  1.6552  2.17284 1 1
 0.1  5.97  2.17284 1 0
 5

// rama_nad_wejsciem_pion_C
 0.1  1.6552  2.17284 0 1
 0.1  5.97  2.17284 0 0
 0.08  5.97  2.17284 1 0
 5

 0.1  1.6552  2.17284 0 1
 0.08  1.6552  2.17284 1 1
 0.08  5.97  2.17284 1 0
 5

// rama_nad_wejsciem_pion_D
 0.08  1.6552  2.17284 0 1
 0.08  5.97  2.17284 0 0
 0.08  5.97  2.16284 1 0
 5

 0.08  1.6552  2.17284 0 1
 0.08  1.6552  2.16284 1 1
 0.08  5.97  2.16284 1 0
 5

// rama_nad_wejsciem_pion #7
// rama_nad_wejsciem_pion_A
 0.08  1.6552  2.51998 0 1
 0.08  5.97  2.51998 0 0
 0.1  5.97  2.51998 1 0
 5

 0.08  1.6552  2.51998 0 1
 0.1  1.6552  2.51998 1 1
 0.1  5.97  2.51998 1 0
 5

// rama_nad_wejsciem_pion_B
 0.1  1.6552  2.51998 0 1
 0.1  5.97  2.51998 0 0
 0.1  5.97  2.52998 1 0
 5

 0.1  1.6552  2.51998 0 1
 0.1  1.6552  2.52998 1 1
 0.1  5.97  2.52998 1 0
 5

// rama_nad_wejsciem_pion_C
 0.1  1.6552  2.52998 0 1
 0.1  5.97  2.52998 0 0
 0.08  5.97  2.52998 1 0
 5

 0.1  1.6552  2.52998 0 1
 0.08  1.6552  2.52998 1 1
 0.08  5.97  2.52998 1 0
 5

// rama_nad_wejsciem_pion_D
 0.08  1.6552  2.52998 0 1
 0.08  5.97  2.52998 0 0
 0.08  5.97  2.51998 1 0
 5

 0.08  1.6552  2.52998 0 1
 0.08  1.6552  2.51998 1 1
 0.08  5.97  2.51998 1 0
 5

// rama_nad_wejsciem_pion #8
// rama_nad_wejsciem_pion_A
 0.08  1.6552  2.87712 0 1
 0.08  5.97  2.87712 0 0
 0.1  5.97  2.87712 1 0
 5

 0.08  1.6552  2.87712 0 1
 0.1  1.6552  2.87712 1 1
 0.1  5.97  2.87712 1 0
 5

// rama_nad_wejsciem_pion_B
 0.1  1.6552  2.87712 0 1
 0.1  5.97  2.87712 0 0
 0.1  5.97  2.88712 1 0
 5

 0.1  1.6552  2.87712 0 1
 0.1  1.6552  2.88712 1 1
 0.1  5.97  2.88712 1 0
 5

// rama_nad_wejsciem_pion_C
 0.1  1.6552  2.88712 0 1
 0.1  5.97  2.88712 0 0
 0.08  5.97  2.88712 1 0
 5

 0.1  1.6552  2.88712 0 1
 0.08  1.6552  2.88712 1 1
 0.08  5.97  2.88712 1 0
 5

// rama_nad_wejsciem_pion_D
 0.08  1.6552  2.88712 0 1
 0.08  5.97  2.88712 0 0
 0.08  5.97  2.87712 1 0
 5

 0.08  1.6552  2.88712 0 1
 0.08  1.6552  2.87712 1 1
 0.08  5.97  2.87712 1 0
 5

// rama_nad_wejsciem_pion #9
// rama_nad_wejsciem_pion_A
 0.08  1.6552  3.23426 0 1
 0.08  5.97  3.23426 0 0
 0.1  5.97  3.23426 1 0
 5

 0.08  1.6552  3.23426 0 1
 0.1  1.6552  3.23426 1 1
 0.1  5.97  3.23426 1 0
 5

// rama_nad_wejsciem_pion_B
 0.1  1.6552  3.23426 0 1
 0.1  5.97  3.23426 0 0
 0.1  5.97  3.24426 1 0
 5

 0.1  1.6552  3.23426 0 1
 0.1  1.6552  3.24426 1 1
 0.1  5.97  3.24426 1 0
 5

// rama_nad_wejsciem_pion_C
 0.1  1.6552  3.24426 0 1
 0.1  5.97  3.24426 0 0
 0.08  5.97  3.24426 1 0
 5

 0.1  1.6552  3.24426 0 1
 0.08  1.6552  3.24426 1 1
 0.08  5.97  3.24426 1 0
 5

// rama_nad_wejsciem_pion_D
 0.08  1.6552  3.24426 0 1
 0.08  5.97  3.24426 0 0
 0.08  5.97  3.23426 1 0
 5

 0.08  1.6552  3.24426 0 1
 0.08  1.6552  3.23426 1 1
 0.08  5.97  3.23426 1 0
 5

// rama_nad_wejsciem_pion #10
// rama_nad_wejsciem_pion_A
 0.08  1.6552  3.5914 0 1
 0.08  5.97  3.5914 0 0
 0.1  5.97  3.5914 1 0
 5

 0.08  1.6552  3.5914 0 1
 0.1  1.6552  3.5914 1 1
 0.1  5.97  3.5914 1 0
 5

// rama_nad_wejsciem_pion_B
 0.1  1.6552  3.5914 0 1
 0.1  5.97  3.5914 0 0
 0.1  5.97  3.6014 1 0
 5

 0.1  1.6552  3.5914 0 1
 0.1  1.6552  3.6014 1 1
 0.1  5.97  3.6014 1 0
 5

// rama_nad_wejsciem_pion_C
 0.1  1.6552  3.6014 0 1
 0.1  5.97  3.6014 0 0
 0.08  5.97  3.6014 1 0
 5

 0.1  1.6552  3.6014 0 1
 0.08  1.6552  3.6014 1 1
 0.08  5.97  3.6014 1 0
 5

// rama_nad_wejsciem_pion_D
 0.08  1.6552  3.6014 0 1
 0.08  5.97  3.6014 0 0
 0.08  5.97  3.5914 1 0
 5

 0.08  1.6552  3.6014 0 1
 0.08  1.6552  3.5914 1 1
 0.08  5.97  3.5914 1 0
 5

// rama_nad_wejsciem_pion #11
// rama_nad_wejsciem_pion_A
 0.08  1.6552  3.94854 0 1
 0.08  5.97  3.94854 0 0
 0.1  5.97  3.94854 1 0
 5

 0.08  1.6552  3.94854 0 1
 0.1  1.6552  3.94854 1 1
 0.1  5.97  3.94854 1 0
 5

// rama_nad_wejsciem_pion_B
 0.1  1.6552  3.94854 0 1
 0.1  5.97  3.94854 0 0
 0.1  5.97  3.95854 1 0
 5

 0.1  1.6552  3.94854 0 1
 0.1  1.6552  3.95854 1 1
 0.1  5.97  3.95854 1 0
 5

// rama_nad_wejsciem_pion_C
 0.1  1.6552  3.95854 0 1
 0.1  5.97  3.95854 0 0
 0.08  5.97  3.95854 1 0
 5

 0.1  1.6552  3.95854 0 1
 0.08  1.6552  3.95854 1 1
 0.08  5.97  3.95854 1 0
 5

// rama_nad_wejsciem_pion_D
 0.08  1.6552  3.95854 0 1
 0.08  5.97  3.95854 0 0
 0.08  5.97  3.94854 1 0
 5

 0.08  1.6552  3.95854 0 1
 0.08  1.6552  3.94854 1 1
 0.08  5.97  3.94854 1 0
 5

// rama_nad_wejsciem_pion #12
// rama_nad_wejsciem_pion_A
 0.08  1.6552  4.30568 0 1
 0.08  5.97  4.30568 0 0
 0.1  5.97  4.30568 1 0
 5

 0.08  1.6552  4.30568 0 1
 0.1  1.6552  4.30568 1 1
 0.1  5.97  4.30568 1 0
 5

// rama_nad_wejsciem_pion_B
 0.1  1.6552  4.30568 0 1
 0.1  5.97  4.30568 0 0
 0.1  5.97  4.31568 1 0
 5

 0.1  1.6552  4.30568 0 1
 0.1  1.6552  4.31568 1 1
 0.1  5.97  4.31568 1 0
 5

// rama_nad_wejsciem_pion_C
 0.1  1.6552  4.31568 0 1
 0.1  5.97  4.31568 0 0
 0.08  5.97  4.31568 1 0
 5

 0.1  1.6552  4.31568 0 1
 0.08  1.6552  4.31568 1 1
 0.08  5.97  4.31568 1 0
 5

// rama_nad_wejsciem_pion_D
 0.08  1.6552  4.31568 0 1
 0.08  5.97  4.31568 0 0
 0.08  5.97  4.30568 1 0
 5

 0.08  1.6552  4.31568 0 1
 0.08  1.6552  4.30568 1 1
 0.08  5.97  4.30568 1 0
 5

// rama_nad_wejsciem_pion #13
// rama_nad_wejsciem_pion_A
 0.08  1.6552  4.66282 0 1
 0.08  5.97  4.66282 0 0
 0.1  5.97  4.66282 1 0
 5

 0.08  1.6552  4.66282 0 1
 0.1  1.6552  4.66282 1 1
 0.1  5.97  4.66282 1 0
 5

// rama_nad_wejsciem_pion_B
 0.1  1.6552  4.66282 0 1
 0.1  5.97  4.66282 0 0
 0.1  5.97  4.67282 1 0
 5

 0.1  1.6552  4.66282 0 1
 0.1  1.6552  4.67282 1 1
 0.1  5.97  4.67282 1 0
 5

// rama_nad_wejsciem_pion_C
 0.1  1.6552  4.67282 0 1
 0.1  5.97  4.67282 0 0
 0.08  5.97  4.67282 1 0
 5

 0.1  1.6552  4.67282 0 1
 0.08  1.6552  4.67282 1 1
 0.08  5.97  4.67282 1 0
 5

// rama_nad_wejsciem_pion_D
 0.08  1.6552  4.67282 0 1
 0.08  5.97  4.67282 0 0
 0.08  5.97  4.66282 1 0
 5

 0.08  1.6552  4.67282 0 1
 0.08  1.6552  4.66282 1 1
 0.08  5.97  4.66282 1 0
 5


// lacznie trojkatow : 104
