
NUMPOLLIES 60

// schodek #1
// schodek_D
 0  0  0.57 0 1
 0  0.0506666  0.57 0 0
 0  0.0506666  0 3 0
 10

 0  0  0.57 0 1
 0  0  0 3 1
 0  0.0506666  0 3 0
 10

// schodek_F
 0  0.0506666  0 0 1
 0  0.0506666  0.57 0 0
 0.12  0.0506666  0.57 3 0
 10

 0  0.0506666  0 0 1
 0.12  0.0506666  0 3 1
 0.12  0.0506666  0.57 3 0
 10

// schodek #2
// schodek_D
 0.12  0.0506666  0.57 0 1
 0.12  0.101333  0.57 0 0
 0.12  0.101333  0 3 0
 10

 0.12  0.0506666  0.57 0 1
 0.12  0.0506666  0 3 1
 0.12  0.101333  0 3 0
 10

// schodek_F
 0.12  0.101333  0 0 1
 0.12  0.101333  0.57 0 0
 0.24  0.101333  0.57 3 0
 10

 0.12  0.101333  0 0 1
 0.24  0.101333  0 3 1
 0.24  0.101333  0.57 3 0
 10

// schodek #3
// schodek_D
 0.24  0.101333  0.57 0 1
 0.24  0.152  0.57 0 0
 0.24  0.152  0 3 0
 10

 0.24  0.101333  0.57 0 1
 0.24  0.101333  0 3 1
 0.24  0.152  0 3 0
 10

// schodek_F
 0.24  0.152  0 0 1
 0.24  0.152  0.57 0 0
 0.36  0.152  0.57 3 0
 10

 0.24  0.152  0 0 1
 0.36  0.152  0 3 1
 0.36  0.152  0.57 3 0
 10

// schodek #4
// schodek_D
 0.36  0.152  0.57 0 1
 0.36  0.202666  0.57 0 0
 0.36  0.202666  0 3 0
 10

 0.36  0.152  0.57 0 1
 0.36  0.152  0 3 1
 0.36  0.202666  0 3 0
 10

// schodek_F
 0.36  0.202666  0 0 1
 0.36  0.202666  0.57 0 0
 0.48  0.202666  0.57 3 0
 10

 0.36  0.202666  0 0 1
 0.48  0.202666  0 3 1
 0.48  0.202666  0.57 3 0
 10

// schodek #5
// schodek_D
 0.48  0.202666  0.57 0 1
 0.48  0.253333  0.57 0 0
 0.48  0.253333  0 3 0
 10

 0.48  0.202666  0.57 0 1
 0.48  0.202666  0 3 1
 0.48  0.253333  0 3 0
 10

// schodek_F
 0.48  0.253333  0 0 1
 0.48  0.253333  0.57 0 0
 0.6  0.253333  0.57 3 0
 10

 0.48  0.253333  0 0 1
 0.6  0.253333  0 3 1
 0.6  0.253333  0.57 3 0
 10

// schodek #6
// schodek_D
 0.6  0.253333  0.57 0 1
 0.6  0.304  0.57 0 0
 0.6  0.304  0 3 0
 10

 0.6  0.253333  0.57 0 1
 0.6  0.253333  0 3 1
 0.6  0.304  0 3 0
 10

// schodek_F
 0.6  0.304  0 0 1
 0.6  0.304  0.57 0 0
 0.72  0.304  0.57 3 0
 10

 0.6  0.304  0 0 1
 0.72  0.304  0 3 1
 0.72  0.304  0.57 3 0
 10

// schodek #7
// schodek_D
 0.72  0.304  0.57 0 1
 0.72  0.354666  0.57 0 0
 0.72  0.354666  0 3 0
 10

 0.72  0.304  0.57 0 1
 0.72  0.304  0 3 1
 0.72  0.354666  0 3 0
 10

// schodek_F
 0.72  0.354666  0 0 1
 0.72  0.354666  0.57 0 0
 0.84  0.354666  0.57 3 0
 10

 0.72  0.354666  0 0 1
 0.84  0.354666  0 3 1
 0.84  0.354666  0.57 3 0
 10

// schodek #8
// schodek_D
 0.84  0.354666  0.57 0 1
 0.84  0.405333  0.57 0 0
 0.84  0.405333  0 3 0
 10

 0.84  0.354666  0.57 0 1
 0.84  0.354666  0 3 1
 0.84  0.405333  0 3 0
 10

// schodek_F
 0.84  0.405333  0 0 1
 0.84  0.405333  0.57 0 0
 0.96  0.405333  0.57 3 0
 10

 0.84  0.405333  0 0 1
 0.96  0.405333  0 3 1
 0.96  0.405333  0.57 3 0
 10

// schodek #9
// schodek_D
 0.96  0.405333  0.57 0 1
 0.96  0.455999  0.57 0 0
 0.96  0.455999  0 3 0
 10

 0.96  0.405333  0.57 0 1
 0.96  0.405333  0 3 1
 0.96  0.455999  0 3 0
 10

// schodek_F
 0.96  0.455999  0 0 1
 0.96  0.455999  0.57 0 0
 1.08  0.455999  0.57 3 0
 10

 0.96  0.455999  0 0 1
 1.08  0.455999  0 3 1
 1.08  0.455999  0.57 3 0
 10

// schodek #10
// schodek_D
 1.08  0.455999  0.57 0 1
 1.08  0.506666  0.57 0 0
 1.08  0.506666  0 3 0
 10

 1.08  0.455999  0.57 0 1
 1.08  0.455999  0 3 1
 1.08  0.506666  0 3 0
 10

// schodek_F
 1.08  0.506666  0 0 1
 1.08  0.506666  0.57 0 0
 1.2  0.506666  0.57 3 0
 10

 1.08  0.506666  0 0 1
 1.2  0.506666  0 3 1
 1.2  0.506666  0.57 3 0
 10

// schodek #11
// schodek_D
 1.2  0.506666  0.57 0 1
 1.2  0.557333  0.57 0 0
 1.2  0.557333  0 3 0
 10

 1.2  0.506666  0.57 0 1
 1.2  0.506666  0 3 1
 1.2  0.557333  0 3 0
 10

// schodek_F
 1.2  0.557333  0 0 1
 1.2  0.557333  0.57 0 0
 1.32  0.557333  0.57 3 0
 10

 1.2  0.557333  0 0 1
 1.32  0.557333  0 3 1
 1.32  0.557333  0.57 3 0
 10

// schodek #12
// schodek_D
 1.32  0.557333  0.57 0 1
 1.32  0.607999  0.57 0 0
 1.32  0.607999  0 3 0
 10

 1.32  0.557333  0.57 0 1
 1.32  0.557333  0 3 1
 1.32  0.607999  0 3 0
 10

// schodek_F
 1.32  0.607999  0 0 1
 1.32  0.607999  0.57 0 0
 1.44  0.607999  0.57 3 0
 10

 1.32  0.607999  0 0 1
 1.44  0.607999  0 3 1
 1.44  0.607999  0.57 3 0
 10

// schodek #13
// schodek_D
 1.44  0.607999  0.57 0 1
 1.44  0.658666  0.57 0 0
 1.44  0.658666  0 3 0
 10

 1.44  0.607999  0.57 0 1
 1.44  0.607999  0 3 1
 1.44  0.658666  0 3 0
 10

// schodek_F
 1.44  0.658666  0 0 1
 1.44  0.658666  0.57 0 0
 1.56  0.658666  0.57 3 0
 10

 1.44  0.658666  0 0 1
 1.56  0.658666  0 3 1
 1.56  0.658666  0.57 3 0
 10

// schodek #14
// schodek_D
 1.56  0.658666  0.57 0 1
 1.56  0.709332  0.57 0 0
 1.56  0.709332  0 3 0
 10

 1.56  0.658666  0.57 0 1
 1.56  0.658666  0 3 1
 1.56  0.709332  0 3 0
 10

// schodek_F
 1.56  0.709332  0 0 1
 1.56  0.709332  0.57 0 0
 1.68  0.709332  0.57 3 0
 10

 1.56  0.709332  0 0 1
 1.68  0.709332  0 3 1
 1.68  0.709332  0.57 3 0
 10

// schodek #15
// schodek_D
 1.68  0.709332  0.57 0 1
 1.68  0.759999  0.57 0 0
 1.68  0.759999  0 3 0
 10

 1.68  0.709332  0.57 0 1
 1.68  0.709332  0 3 1
 1.68  0.759999  0 3 0
 10

// schodek_F
 1.68  0.759999  0 0 1
 1.68  0.759999  0.57 0 0
 1.8  0.759999  0.57 3 0
 10

 1.68  0.759999  0 0 1
 1.8  0.759999  0 3 1
 1.8  0.759999  0.57 3 0
 10


// lacznie trojkatow : 60
