
NUMPOLLIES 60

// schodek_kolo_windy #1
// schodek_kolo_windy_D
 0  0  1.22 0 3
 0  0.04  1.22 0 0
 0  0.04  0 3 0
 10

 0  0  1.22 0 3
 0  0  0 3 3
 0  0.04  0 3 0
 10

// schodek_kolo_windy_F
 0  0.04  0 0 3
 0  0.04  1.22 0 0
 0.14666  0.04  1.22 3 0
 10

 0  0.04  0 0 3
 0.14666  0.04  0 3 3
 0.14666  0.04  1.22 3 0
 10

// schodek_kolo_windy #2
// schodek_kolo_windy_D
 0.14666  0.04  1.22 0 3
 0.14666  0.08  1.22 0 0
 0.14666  0.08  0 3 0
 10

 0.14666  0.04  1.22 0 3
 0.14666  0.04  0 3 3
 0.14666  0.08  0 3 0
 10

// schodek_kolo_windy_F
 0.14666  0.08  0 0 3
 0.14666  0.08  1.22 0 0
 0.29332  0.08  1.22 3 0
 10

 0.14666  0.08  0 0 3
 0.29332  0.08  0 3 3
 0.29332  0.08  1.22 3 0
 10

// schodek_kolo_windy #3
// schodek_kolo_windy_D
 0.29332  0.08  1.22 0 3
 0.29332  0.12  1.22 0 0
 0.29332  0.12  0 3 0
 10

 0.29332  0.08  1.22 0 3
 0.29332  0.08  0 3 3
 0.29332  0.12  0 3 0
 10

// schodek_kolo_windy_F
 0.29332  0.12  0 0 3
 0.29332  0.12  1.22 0 0
 0.43998  0.12  1.22 3 0
 10

 0.29332  0.12  0 0 3
 0.43998  0.12  0 3 3
 0.43998  0.12  1.22 3 0
 10

// schodek_kolo_windy #4
// schodek_kolo_windy_D
 0.43998  0.12  1.22 0 3
 0.43998  0.16  1.22 0 0
 0.43998  0.16  0 3 0
 10

 0.43998  0.12  1.22 0 3
 0.43998  0.12  0 3 3
 0.43998  0.16  0 3 0
 10

// schodek_kolo_windy_F
 0.43998  0.16  0 0 3
 0.43998  0.16  1.22 0 0
 0.58664  0.16  1.22 3 0
 10

 0.43998  0.16  0 0 3
 0.58664  0.16  0 3 3
 0.58664  0.16  1.22 3 0
 10

// schodek_kolo_windy #5
// schodek_kolo_windy_D
 0.58664  0.16  1.22 0 3
 0.58664  0.2  1.22 0 0
 0.58664  0.2  0 3 0
 10

 0.58664  0.16  1.22 0 3
 0.58664  0.16  0 3 3
 0.58664  0.2  0 3 0
 10

// schodek_kolo_windy_F
 0.58664  0.2  0 0 3
 0.58664  0.2  1.22 0 0
 0.7333  0.2  1.22 3 0
 10

 0.58664  0.2  0 0 3
 0.7333  0.2  0 3 3
 0.7333  0.2  1.22 3 0
 10

// schodek_kolo_windy #6
// schodek_kolo_windy_D
 0.7333  0.2  1.22 0 3
 0.7333  0.24  1.22 0 0
 0.7333  0.24  0 3 0
 10

 0.7333  0.2  1.22 0 3
 0.7333  0.2  0 3 3
 0.7333  0.24  0 3 0
 10

// schodek_kolo_windy_F
 0.7333  0.24  0 0 3
 0.7333  0.24  1.22 0 0
 0.87996  0.24  1.22 3 0
 10

 0.7333  0.24  0 0 3
 0.87996  0.24  0 3 3
 0.87996  0.24  1.22 3 0
 10

// schodek_kolo_windy #7
// schodek_kolo_windy_D
 0.87996  0.24  1.22 0 3
 0.87996  0.28  1.22 0 0
 0.87996  0.28  0 3 0
 10

 0.87996  0.24  1.22 0 3
 0.87996  0.24  0 3 3
 0.87996  0.28  0 3 0
 10

// schodek_kolo_windy_F
 0.87996  0.28  0 0 3
 0.87996  0.28  1.22 0 0
 1.02662  0.28  1.22 3 0
 10

 0.87996  0.28  0 0 3
 1.02662  0.28  0 3 3
 1.02662  0.28  1.22 3 0
 10

// schodek_kolo_windy #8
// schodek_kolo_windy_D
 1.02662  0.28  1.22 0 3
 1.02662  0.32  1.22 0 0
 1.02662  0.32  0 3 0
 10

 1.02662  0.28  1.22 0 3
 1.02662  0.28  0 3 3
 1.02662  0.32  0 3 0
 10

// schodek_kolo_windy_F
 1.02662  0.32  0 0 3
 1.02662  0.32  1.22 0 0
 1.17328  0.32  1.22 3 0
 10

 1.02662  0.32  0 0 3
 1.17328  0.32  0 3 3
 1.17328  0.32  1.22 3 0
 10

// schodek_kolo_windy #9
// schodek_kolo_windy_D
 1.17328  0.32  1.22 0 3
 1.17328  0.36  1.22 0 0
 1.17328  0.36  0 3 0
 10

 1.17328  0.32  1.22 0 3
 1.17328  0.32  0 3 3
 1.17328  0.36  0 3 0
 10

// schodek_kolo_windy_F
 1.17328  0.36  0 0 3
 1.17328  0.36  1.22 0 0
 1.31994  0.36  1.22 3 0
 10

 1.17328  0.36  0 0 3
 1.31994  0.36  0 3 3
 1.31994  0.36  1.22 3 0
 10

// schodek_kolo_windy #10
// schodek_kolo_windy_D
 1.31994  0.36  1.22 0 3
 1.31994  0.4  1.22 0 0
 1.31994  0.4  0 3 0
 10

 1.31994  0.36  1.22 0 3
 1.31994  0.36  0 3 3
 1.31994  0.4  0 3 0
 10

// schodek_kolo_windy_F
 1.31994  0.4  0 0 3
 1.31994  0.4  1.22 0 0
 1.4666  0.4  1.22 3 0
 10

 1.31994  0.4  0 0 3
 1.4666  0.4  0 3 3
 1.4666  0.4  1.22 3 0
 10

// schodek_kolo_windy #11
// schodek_kolo_windy_D
 1.4666  0.4  1.22 0 3
 1.4666  0.44  1.22 0 0
 1.4666  0.44  0 3 0
 10

 1.4666  0.4  1.22 0 3
 1.4666  0.4  0 3 3
 1.4666  0.44  0 3 0
 10

// schodek_kolo_windy_F
 1.4666  0.44  0 0 3
 1.4666  0.44  1.22 0 0
 1.61326  0.44  1.22 3 0
 10

 1.4666  0.44  0 0 3
 1.61326  0.44  0 3 3
 1.61326  0.44  1.22 3 0
 10

// schodek_kolo_windy #12
// schodek_kolo_windy_D
 1.61326  0.44  1.22 0 3
 1.61326  0.48  1.22 0 0
 1.61326  0.48  0 3 0
 10

 1.61326  0.44  1.22 0 3
 1.61326  0.44  0 3 3
 1.61326  0.48  0 3 0
 10

// schodek_kolo_windy_F
 1.61326  0.48  0 0 3
 1.61326  0.48  1.22 0 0
 1.75992  0.48  1.22 3 0
 10

 1.61326  0.48  0 0 3
 1.75992  0.48  0 3 3
 1.75992  0.48  1.22 3 0
 10

// schodek_kolo_windy #13
// schodek_kolo_windy_D
 1.75992  0.48  1.22 0 3
 1.75992  0.52  1.22 0 0
 1.75992  0.52  0 3 0
 10

 1.75992  0.48  1.22 0 3
 1.75992  0.48  0 3 3
 1.75992  0.52  0 3 0
 10

// schodek_kolo_windy_F
 1.75992  0.52  0 0 3
 1.75992  0.52  1.22 0 0
 1.90658  0.52  1.22 3 0
 10

 1.75992  0.52  0 0 3
 1.90658  0.52  0 3 3
 1.90658  0.52  1.22 3 0
 10

// schodek_kolo_windy #14
// schodek_kolo_windy_D
 1.90658  0.52  1.22 0 3
 1.90658  0.56  1.22 0 0
 1.90658  0.56  0 3 0
 10

 1.90658  0.52  1.22 0 3
 1.90658  0.52  0 3 3
 1.90658  0.56  0 3 0
 10

// schodek_kolo_windy_F
 1.90658  0.56  0 0 3
 1.90658  0.56  1.22 0 0
 2.05324  0.56  1.22 3 0
 10

 1.90658  0.56  0 0 3
 2.05324  0.56  0 3 3
 2.05324  0.56  1.22 3 0
 10

// schodek_kolo_windy #15
// schodek_kolo_windy_D
 2.05324  0.56  1.22 0 3
 2.05324  0.6  1.22 0 0
 2.05324  0.6  0 3 0
 10

 2.05324  0.56  1.22 0 3
 2.05324  0.56  0 3 3
 2.05324  0.6  0 3 0
 10

// schodek_kolo_windy_F
 2.05324  0.6  0 0 3
 2.05324  0.6  1.22 0 0
 2.1999  0.6  1.22 3 0
 10

 2.05324  0.6  0 0 3
 2.1999  0.6  0 3 3
 2.1999  0.6  1.22 3 0
 10


// lacznie trojkatow : 60
