
NUMPOLLIES 80

// pionowa_szara #1
// pionowa_szara_A
-0.02  0  0 0 1
-0.02  1  0 0 0
 0.01  1  0 1 0
 8

-0.02  0  0 0 1
 0.01  0  0 1 1
 0.01  1  0 1 0
 8

// pionowa_szara_B
 0.01  0  0 0 1
 0.01  1  0 0 0
 0.01  1  0.02 1 0
 9

 0.01  0  0 0 1
 0.01  0  0.02 1 1
 0.01  1  0.02 1 0
 9

// pionowa_szara_C
 0.01  0  0.02 0 1
 0.01  1  0.02 0 0
-0.02  1  0.02 1 0
 8

 0.01  0  0.02 0 1
-0.02  0  0.02 1 1
-0.02  1  0.02 1 0
 8

// pionowa_szara_D
-0.02  0  0.02 0 1
-0.02  1  0.02 0 0
-0.02  1  0 1 0
 9

-0.02  0  0.02 0 1
-0.02  0  0 1 1
-0.02  1  0 1 0
 9

// pionowa_szara #2
// pionowa_szara_A
-0.02  0  0.35888 0 1
-0.02  1  0.35888 0 0
 0.01  1  0.35888 1 0
 8

-0.02  0  0.35888 0 1
 0.01  0  0.35888 1 1
 0.01  1  0.35888 1 0
 8

// pionowa_szara_B
 0.01  0  0.35888 0 1
 0.01  1  0.35888 0 0
 0.01  1  0.37888 1 0
 9

 0.01  0  0.35888 0 1
 0.01  0  0.37888 1 1
 0.01  1  0.37888 1 0
 9

// pionowa_szara_C
 0.01  0  0.37888 0 1
 0.01  1  0.37888 0 0
-0.02  1  0.37888 1 0
 8

 0.01  0  0.37888 0 1
-0.02  0  0.37888 1 1
-0.02  1  0.37888 1 0
 8

// pionowa_szara_D
-0.02  0  0.37888 0 1
-0.02  1  0.37888 0 0
-0.02  1  0.35888 1 0
 9

-0.02  0  0.37888 0 1
-0.02  0  0.35888 1 1
-0.02  1  0.35888 1 0
 9

// pionowa_szara #3
// pionowa_szara_A
-0.02  0  0.71776 0 1
-0.02  1  0.71776 0 0
 0.01  1  0.71776 1 0
 8

-0.02  0  0.71776 0 1
 0.01  0  0.71776 1 1
 0.01  1  0.71776 1 0
 8

// pionowa_szara_B
 0.01  0  0.71776 0 1
 0.01  1  0.71776 0 0
 0.01  1  0.73776 1 0
 9

 0.01  0  0.71776 0 1
 0.01  0  0.73776 1 1
 0.01  1  0.73776 1 0
 9

// pionowa_szara_C
 0.01  0  0.73776 0 1
 0.01  1  0.73776 0 0
-0.02  1  0.73776 1 0
 8

 0.01  0  0.73776 0 1
-0.02  0  0.73776 1 1
-0.02  1  0.73776 1 0
 8

// pionowa_szara_D
-0.02  0  0.73776 0 1
-0.02  1  0.73776 0 0
-0.02  1  0.71776 1 0
 9

-0.02  0  0.73776 0 1
-0.02  0  0.71776 1 1
-0.02  1  0.71776 1 0
 9

// pionowa_szara #4
// pionowa_szara_A
-0.02  0  1.07664 0 1
-0.02  1  1.07664 0 0
 0.01  1  1.07664 1 0
 8

-0.02  0  1.07664 0 1
 0.01  0  1.07664 1 1
 0.01  1  1.07664 1 0
 8

// pionowa_szara_B
 0.01  0  1.07664 0 1
 0.01  1  1.07664 0 0
 0.01  1  1.09664 1 0
 9

 0.01  0  1.07664 0 1
 0.01  0  1.09664 1 1
 0.01  1  1.09664 1 0
 9

// pionowa_szara_C
 0.01  0  1.09664 0 1
 0.01  1  1.09664 0 0
-0.02  1  1.09664 1 0
 8

 0.01  0  1.09664 0 1
-0.02  0  1.09664 1 1
-0.02  1  1.09664 1 0
 8

// pionowa_szara_D
-0.02  0  1.09664 0 1
-0.02  1  1.09664 0 0
-0.02  1  1.07664 1 0
 9

-0.02  0  1.09664 0 1
-0.02  0  1.07664 1 1
-0.02  1  1.07664 1 0
 9

// pionowa_szara #5
// pionowa_szara_A
-0.02  0  1.43552 0 1
-0.02  1  1.43552 0 0
 0.01  1  1.43552 1 0
 8

-0.02  0  1.43552 0 1
 0.01  0  1.43552 1 1
 0.01  1  1.43552 1 0
 8

// pionowa_szara_B
 0.01  0  1.43552 0 1
 0.01  1  1.43552 0 0
 0.01  1  1.45552 1 0
 9

 0.01  0  1.43552 0 1
 0.01  0  1.45552 1 1
 0.01  1  1.45552 1 0
 9

// pionowa_szara_C
 0.01  0  1.45552 0 1
 0.01  1  1.45552 0 0
-0.02  1  1.45552 1 0
 8

 0.01  0  1.45552 0 1
-0.02  0  1.45552 1 1
-0.02  1  1.45552 1 0
 8

// pionowa_szara_D
-0.02  0  1.45552 0 1
-0.02  1  1.45552 0 0
-0.02  1  1.43552 1 0
 9

-0.02  0  1.45552 0 1
-0.02  0  1.43552 1 1
-0.02  1  1.43552 1 0
 9

// pionowa_szara #6
// pionowa_szara_A
-0.02  0  1.7944 0 1
-0.02  1  1.7944 0 0
 0.01  1  1.7944 1 0
 8

-0.02  0  1.7944 0 1
 0.01  0  1.7944 1 1
 0.01  1  1.7944 1 0
 8

// pionowa_szara_B
 0.01  0  1.7944 0 1
 0.01  1  1.7944 0 0
 0.01  1  1.8144 1 0
 9

 0.01  0  1.7944 0 1
 0.01  0  1.8144 1 1
 0.01  1  1.8144 1 0
 9

// pionowa_szara_C
 0.01  0  1.8144 0 1
 0.01  1  1.8144 0 0
-0.02  1  1.8144 1 0
 8

 0.01  0  1.8144 0 1
-0.02  0  1.8144 1 1
-0.02  1  1.8144 1 0
 8

// pionowa_szara_D
-0.02  0  1.8144 0 1
-0.02  1  1.8144 0 0
-0.02  1  1.7944 1 0
 9

-0.02  0  1.8144 0 1
-0.02  0  1.7944 1 1
-0.02  1  1.7944 1 0
 9

// pionowa_szara #7
// pionowa_szara_A
-0.02  0  2.15328 0 1
-0.02  1  2.15328 0 0
 0.01  1  2.15328 1 0
 8

-0.02  0  2.15328 0 1
 0.01  0  2.15328 1 1
 0.01  1  2.15328 1 0
 8

// pionowa_szara_B
 0.01  0  2.15328 0 1
 0.01  1  2.15328 0 0
 0.01  1  2.17328 1 0
 9

 0.01  0  2.15328 0 1
 0.01  0  2.17328 1 1
 0.01  1  2.17328 1 0
 9

// pionowa_szara_C
 0.01  0  2.17328 0 1
 0.01  1  2.17328 0 0
-0.02  1  2.17328 1 0
 8

 0.01  0  2.17328 0 1
-0.02  0  2.17328 1 1
-0.02  1  2.17328 1 0
 8

// pionowa_szara_D
-0.02  0  2.17328 0 1
-0.02  1  2.17328 0 0
-0.02  1  2.15328 1 0
 9

-0.02  0  2.17328 0 1
-0.02  0  2.15328 1 1
-0.02  1  2.15328 1 0
 9

// pionowa_szara #8
// pionowa_szara_A
-0.02  0  2.51216 0 1
-0.02  1  2.51216 0 0
 0.01  1  2.51216 1 0
 8

-0.02  0  2.51216 0 1
 0.01  0  2.51216 1 1
 0.01  1  2.51216 1 0
 8

// pionowa_szara_B
 0.01  0  2.51216 0 1
 0.01  1  2.51216 0 0
 0.01  1  2.53216 1 0
 9

 0.01  0  2.51216 0 1
 0.01  0  2.53216 1 1
 0.01  1  2.53216 1 0
 9

// pionowa_szara_C
 0.01  0  2.53216 0 1
 0.01  1  2.53216 0 0
-0.02  1  2.53216 1 0
 8

 0.01  0  2.53216 0 1
-0.02  0  2.53216 1 1
-0.02  1  2.53216 1 0
 8

// pionowa_szara_D
-0.02  0  2.53216 0 1
-0.02  1  2.53216 0 0
-0.02  1  2.51216 1 0
 9

-0.02  0  2.53216 0 1
-0.02  0  2.51216 1 1
-0.02  1  2.51216 1 0
 9

// pionowa_szara #9
// pionowa_szara_A
-0.02  0  2.87104 0 1
-0.02  1  2.87104 0 0
 0.01  1  2.87104 1 0
 8

-0.02  0  2.87104 0 1
 0.01  0  2.87104 1 1
 0.01  1  2.87104 1 0
 8

// pionowa_szara_B
 0.01  0  2.87104 0 1
 0.01  1  2.87104 0 0
 0.01  1  2.89104 1 0
 9

 0.01  0  2.87104 0 1
 0.01  0  2.89104 1 1
 0.01  1  2.89104 1 0
 9

// pionowa_szara_C
 0.01  0  2.89104 0 1
 0.01  1  2.89104 0 0
-0.02  1  2.89104 1 0
 8

 0.01  0  2.89104 0 1
-0.02  0  2.89104 1 1
-0.02  1  2.89104 1 0
 8

// pionowa_szara_D
-0.02  0  2.89104 0 1
-0.02  1  2.89104 0 0
-0.02  1  2.87104 1 0
 9

-0.02  0  2.89104 0 1
-0.02  0  2.87104 1 1
-0.02  1  2.87104 1 0
 9

// pionowa_szara #10
// pionowa_szara_A
-0.02  0  3.22992 0 1
-0.02  1  3.22992 0 0
 0.01  1  3.22992 1 0
 8

-0.02  0  3.22992 0 1
 0.01  0  3.22992 1 1
 0.01  1  3.22992 1 0
 8

// pionowa_szara_B
 0.01  0  3.22992 0 1
 0.01  1  3.22992 0 0
 0.01  1  3.24992 1 0
 9

 0.01  0  3.22992 0 1
 0.01  0  3.24992 1 1
 0.01  1  3.24992 1 0
 9

// pionowa_szara_C
 0.01  0  3.24992 0 1
 0.01  1  3.24992 0 0
-0.02  1  3.24992 1 0
 8

 0.01  0  3.24992 0 1
-0.02  0  3.24992 1 1
-0.02  1  3.24992 1 0
 8

// pionowa_szara_D
-0.02  0  3.24992 0 1
-0.02  1  3.24992 0 0
-0.02  1  3.22992 1 0
 9

-0.02  0  3.24992 0 1
-0.02  0  3.22992 1 1
-0.02  1  3.22992 1 0
 9


// lacznie trojkatow : 80
