
NUMPOLLIES 36


// lewy_pion_A
 0.00  0.01  0 0 1
 0.00  0.63  0 0 0
 0.01  0.63  0 1 0
 9

 0.01  0.63  0 1 0
 0.01  0.01  0 1 1
 0.00  0.01  0 0 1
 9

// lewy_pion_B
 0.01  0.01  0 0 1
 0.01  0.63  0 0 0
 0.01  0.63  0.02 1 0
 9

 0.01  0.63  0.02 1 0
 0.01  0.01  0.02 1 1
 0.01  0.01  0 0 1
 9

// lewy_pion_C
 0.01  0.01  0.02 0 1
 0.01  0.63  0.02 0 0
 0.00  0.63  0.02 1 0
 9

 0.00  0.63  0.02 1 0
 0.00  0.01  0.02 1 1
 0.01  0.01  0.02 0 1
 9

// lewy_pion_D
 0.00  0.01  0.02 0 1
 0.00  0.63  0.02 0 0
 0.00 0.63  0 1 0
 9

 0.00  0.63  0 1 0
 0.00  0.01  0 1 1
 0.00  0.01  0.02 0 1
 9

// lewy_pion_F
 0.00  0.63  0 0 1
 0.00  0.63  0.02 0 0
 0.01  0.63  0.02 1 0
 9

 0.01  0.63  0.02 1 0
 0.01  0.63  0 1 1
 0.00  0.63  0 0 1
 9

// prawy_pion_A
 0.00  0.01  0.515 0 9
 0.00  0.63  0.515 0 0
 0.01  0.63  0.515 11 0
 9

 0.01  0.63  0.515 11 0
 0.01  0.01  0.515 11 9
 0.00  0.01  0.515 0 9
 9

// prawy_pion_B
 0.01  0.01  0.515 0 1
 0.01  0.63  0.515 0 0
 0.01  0.63  0.535 1 0
 9

 0.01  0.63  0.535 1 0
 0.01  0.01  0.535 1 1
 0.01  0.01  0.515 0 1
 9

// prawy_pion_C
 0.01  0.01  0.535 0 1
 0.01  0.63  0.535 0 0
 0.00  0.63  0.535 1 0
 9

 0.00  0.63  0.535 1 0
 0.00  0.01  0.535 1 1
 0.01  0.01  0.535 0 1
 9

// prawy_pion_D
 0.00  0.01  0.535 0 1
 0.00  0.63  0.535 0 0
 0.00  0.63  0.515 1 0
 9

 0.00  0.63  0.515 1 0
 0.00  0.01  0.515 1 1
 0.00  0.01  0.535 0 1
 9

// prawy_pion_F
 0.00  0.63  0.515 0 1
 0.00  0.63  0.535 0 0
 0.01  0.63  0.535 1 0
 9

 0.01  0.63  0.535 1 0
 0.01  0.63  0.515 1 1
 0.00  0.63  0.515 0 1
 9

// dol_poziom_B
 0.01  0.01  0.02 0 1
 0.01  0.03  0.02 0 0
 0.01  0.03  0.515 1 0
 9

 0.01  0.03  0.515 1 0
 0.01  0.01  0.515 1 1
 0.01  0.01  0.02 0 1
 9

// dol_poziom_D
 0.00  0.01  0.515 0 1
 0.00  0.03  0.515 0 0
 0.00  0.03  0.02 1 0
 9

 0.00  0.03  0.02 1 0
 0.00  0.01  0.02 1 1
 0.00  0.01  0.515 0 1
 9

// dol_poziom_F
 0.00  0.03  0.02 0 1
 0.00  0.03  0.515 0 0
 0.01  0.03  0.515 1 0
 9

 0.01  0.03  0.515 1 0
 0.01  0.03  0.02 1 1
 0.00  0.03  0.02 0 1
 9

// gora_poziom_B
 0.01  0.61  0.02 0 1
 0.01  0.63  0.02 0 0
 0.01  0.63  0.515 1 0
 9

 0.01  0.63  0.515 1 0
 0.01  0.61  0.515 1 1
 0.01  0.61  0.02 0 1
 9

// gora_poziom_D
 0.00  0.61  0.515 0 1
 0.00  0.63  0.515 0 0
 0.00  0.63  0.02 1 0
 9

 0.00  0.63  0.02 1 0
 0.00  0.61  0.02 1 1
 0.00  0.61  0.515 0 1
 9

// gora_poziom_E
 0.00  0.61  0.515 0 1
 0.00  0.61  0.02 0 0
 0.01  0.61  0.02 1 0
 9

 0.01  0.61  0.02 1 0
 0.01  0.61  0.515 1 1
 0.00  0.61  0.515 0 1
 9

// gora_poziom_F
 0.00  0.63  0.02 0 1
 0.00  0.63  0.515 0 0
 0.01  0.63  0.515 1 0
 9

 0.01  0.63  0.515 1 0
 0.01  0.63  0.02 1 1
 0.00  0.63  0.02 0 1
 9



// WYJSCIE EWAKUACYJNE
// plakietka


 0.00  0.59  0.24 0 0.5
 0.00  0.59  0.29 1 0.5
 0.00  0.61  0.29 1 1
12
 0.00  0.61  0.24 0 1
 0.00  0.59  0.24 0 0.5
 0.00  0.61  0.29 1 1
12
