
NUMPOLLIES 10

// kwadrat_sufitu #1
// kwadrat_sufitu_E
-3.201  1.83  4.3722 0 1
-3.201  1.83  4.759 0 0
-3.5245  1.83  4.759 1 0
 11

-3.5245  1.83  4.759 1 0
-3.5245  1.83  4.3722 1 1
-3.201  1.83  4.3722 0 1
 11

// kwadrat_sufitu #2
// kwadrat_sufitu_E
-3.201  1.83  3.9844 0 1
-3.201  1.83  4.3712 0 0
-3.5245  1.83  4.3712 1 0
 11

-3.5245  1.83  4.3712 1 0
-3.5245  1.83  3.9844 1 1
-3.201  1.83  3.9844 0 1
 11

// kwadrat_sufitu #3
// kwadrat_sufitu_E
-3.201  1.83  3.5966 0 1
-3.201  1.83  3.9834 0 0
-3.5245  1.83  3.9834 1 0
 11

-3.5245  1.83  3.9834 1 0
-3.5245  1.83  3.5966 1 1
-3.201  1.83  3.5966 0 1
 11

// kwadrat_sufitu #4
// kwadrat_sufitu_E
-3.201  1.83  3.2088 0 1
-3.201  1.83  3.5956 0 0
-3.5245  1.83  3.5956 1 0
 11

-3.5245  1.83  3.5956 1 0
-3.5245  1.83  3.2088 1 1
-3.201  1.83  3.2088 0 1
 11

// kwadrat_sufitu #5
// kwadrat_sufitu_E
-3.201  1.83  2.821 0 1
-3.201  1.83  3.2078 0 0
-3.5245  1.83  3.2078 1 0
 11

-3.5245  1.83  3.2078 1 0
-3.5245  1.83  2.821 1 1
-3.201  1.83  2.821 0 1
 11


// lacznie trojkatow : 10
