
NUMPOLLIES 80

// ramy_okien_nad #1
// ramy_okien_nad_A
 0.02  0.78  0 0 1
 0.02  1  0 0 0
 0.03  1  0 1 0
 8

 0.02  0.78  0 0 1
 0.03  0.78  0 1 1
 0.03  1  0 1 0
 8

// ramy_okien_nad_B
 0.03  0.78  0 0 1
 0.03  1  0 0 0
 0.03  1  0.02 1 0
 9

 0.03  0.78  0 0 1
 0.03  0.78  0.02 1 1
 0.03  1  0.02 1 0
 9

// ramy_okien_nad_C
 0.03  0.78  0.02 0 1
 0.03  1  0.02 0 0
 0.02  1  0.02 1 0
 8

 0.03  0.78  0.02 0 1
 0.02  0.78  0.02 1 1
 0.02  1  0.02 1 0
 8

// ramy_okien_nad_D
 0.02  0.78  0.02 0 1
 0.02  1  0.02 0 0
 0.02  1  0 1 0
 9

 0.02  0.78  0.02 0 1
 0.02  0.78  0 1 1
 0.02  1  0 1 0
 9

// ramy_okien_nad #2
// ramy_okien_nad_A
 0.02  0.78  0.358888 0 1
 0.02  1  0.358888 0 0
 0.03  1  0.358888 1 0
 8

 0.02  0.78  0.358888 0 1
 0.03  0.78  0.358888 1 1
 0.03  1  0.358888 1 0
 8

// ramy_okien_nad_B
 0.03  0.78  0.358888 0 1
 0.03  1  0.358888 0 0
 0.03  1  0.378888 1 0
 9

 0.03  0.78  0.358888 0 1
 0.03  0.78  0.378888 1 1
 0.03  1  0.378888 1 0
 9

// ramy_okien_nad_C
 0.03  0.78  0.378888 0 1
 0.03  1  0.378888 0 0
 0.02  1  0.378888 1 0
 8

 0.03  0.78  0.378888 0 1
 0.02  0.78  0.378888 1 1
 0.02  1  0.378888 1 0
 8

// ramy_okien_nad_D
 0.02  0.78  0.378888 0 1
 0.02  1  0.378888 0 0
 0.02  1  0.358888 1 0
 9

 0.02  0.78  0.378888 0 1
 0.02  0.78  0.358888 1 1
 0.02  1  0.358888 1 0
 9

// ramy_okien_nad #3
// ramy_okien_nad_A
 0.02  0.78  0.717776 0 1
 0.02  1  0.717776 0 0
 0.03  1  0.717776 1 0
 8

 0.02  0.78  0.717776 0 1
 0.03  0.78  0.717776 1 1
 0.03  1  0.717776 1 0
 8

// ramy_okien_nad_B
 0.03  0.78  0.717776 0 1
 0.03  1  0.717776 0 0
 0.03  1  0.737776 1 0
 9

 0.03  0.78  0.717776 0 1
 0.03  0.78  0.737776 1 1
 0.03  1  0.737776 1 0
 9

// ramy_okien_nad_C
 0.03  0.78  0.737776 0 1
 0.03  1  0.737776 0 0
 0.02  1  0.737776 1 0
 8

 0.03  0.78  0.737776 0 1
 0.02  0.78  0.737776 1 1
 0.02  1  0.737776 1 0
 8

// ramy_okien_nad_D
 0.02  0.78  0.737776 0 1
 0.02  1  0.737776 0 0
 0.02  1  0.717776 1 0
 9

 0.02  0.78  0.737776 0 1
 0.02  0.78  0.717776 1 1
 0.02  1  0.717776 1 0
 9

// ramy_okien_nad #4
// ramy_okien_nad_A
 0.02  0.78  1.07666 0 1
 0.02  1  1.07666 0 0
 0.03  1  1.07666 1 0
 8

 0.02  0.78  1.07666 0 1
 0.03  0.78  1.07666 1 1
 0.03  1  1.07666 1 0
 8

// ramy_okien_nad_B
 0.03  0.78  1.07666 0 1
 0.03  1  1.07666 0 0
 0.03  1  1.09666 1 0
 9

 0.03  0.78  1.07666 0 1
 0.03  0.78  1.09666 1 1
 0.03  1  1.09666 1 0
 9

// ramy_okien_nad_C
 0.03  0.78  1.09666 0 1
 0.03  1  1.09666 0 0
 0.02  1  1.09666 1 0
 8

 0.03  0.78  1.09666 0 1
 0.02  0.78  1.09666 1 1
 0.02  1  1.09666 1 0
 8

// ramy_okien_nad_D
 0.02  0.78  1.09666 0 1
 0.02  1  1.09666 0 0
 0.02  1  1.07666 1 0
 9

 0.02  0.78  1.09666 0 1
 0.02  0.78  1.07666 1 1
 0.02  1  1.07666 1 0
 9

// ramy_okien_nad #5
// ramy_okien_nad_A
 0.02  0.78  1.43555 0 1
 0.02  1  1.43555 0 0
 0.03  1  1.43555 1 0
 8

 0.02  0.78  1.43555 0 1
 0.03  0.78  1.43555 1 1
 0.03  1  1.43555 1 0
 8

// ramy_okien_nad_B
 0.03  0.78  1.43555 0 1
 0.03  1  1.43555 0 0
 0.03  1  1.45555 1 0
 9

 0.03  0.78  1.43555 0 1
 0.03  0.78  1.45555 1 1
 0.03  1  1.45555 1 0
 9

// ramy_okien_nad_C
 0.03  0.78  1.45555 0 1
 0.03  1  1.45555 0 0
 0.02  1  1.45555 1 0
 8

 0.03  0.78  1.45555 0 1
 0.02  0.78  1.45555 1 1
 0.02  1  1.45555 1 0
 8

// ramy_okien_nad_D
 0.02  0.78  1.45555 0 1
 0.02  1  1.45555 0 0
 0.02  1  1.43555 1 0
 9

 0.02  0.78  1.45555 0 1
 0.02  0.78  1.43555 1 1
 0.02  1  1.43555 1 0
 9

// ramy_okien_nad #6
// ramy_okien_nad_A
 0.02  0.78  1.79444 0 1
 0.02  1  1.79444 0 0
 0.03  1  1.79444 1 0
 8

 0.02  0.78  1.79444 0 1
 0.03  0.78  1.79444 1 1
 0.03  1  1.79444 1 0
 8

// ramy_okien_nad_B
 0.03  0.78  1.79444 0 1
 0.03  1  1.79444 0 0
 0.03  1  1.81444 1 0
 9

 0.03  0.78  1.79444 0 1
 0.03  0.78  1.81444 1 1
 0.03  1  1.81444 1 0
 9

// ramy_okien_nad_C
 0.03  0.78  1.81444 0 1
 0.03  1  1.81444 0 0
 0.02  1  1.81444 1 0
 8

 0.03  0.78  1.81444 0 1
 0.02  0.78  1.81444 1 1
 0.02  1  1.81444 1 0
 8

// ramy_okien_nad_D
 0.02  0.78  1.81444 0 1
 0.02  1  1.81444 0 0
 0.02  1  1.79444 1 0
 9

 0.02  0.78  1.81444 0 1
 0.02  0.78  1.79444 1 1
 0.02  1  1.79444 1 0
 9

// ramy_okien_nad #7
// ramy_okien_nad_A
 0.02  0.78  2.15333 0 1
 0.02  1  2.15333 0 0
 0.03  1  2.15333 1 0
 8

 0.02  0.78  2.15333 0 1
 0.03  0.78  2.15333 1 1
 0.03  1  2.15333 1 0
 8

// ramy_okien_nad_B
 0.03  0.78  2.15333 0 1
 0.03  1  2.15333 0 0
 0.03  1  2.17333 1 0
 9

 0.03  0.78  2.15333 0 1
 0.03  0.78  2.17333 1 1
 0.03  1  2.17333 1 0
 9

// ramy_okien_nad_C
 0.03  0.78  2.17333 0 1
 0.03  1  2.17333 0 0
 0.02  1  2.17333 1 0
 8

 0.03  0.78  2.17333 0 1
 0.02  0.78  2.17333 1 1
 0.02  1  2.17333 1 0
 8

// ramy_okien_nad_D
 0.02  0.78  2.17333 0 1
 0.02  1  2.17333 0 0
 0.02  1  2.15333 1 0
 9

 0.02  0.78  2.17333 0 1
 0.02  0.78  2.15333 1 1
 0.02  1  2.15333 1 0
 9

// ramy_okien_nad #8
// ramy_okien_nad_A
 0.02  0.78  2.51222 0 1
 0.02  1  2.51222 0 0
 0.03  1  2.51222 1 0
 8

 0.02  0.78  2.51222 0 1
 0.03  0.78  2.51222 1 1
 0.03  1  2.51222 1 0
 8

// ramy_okien_nad_B
 0.03  0.78  2.51222 0 1
 0.03  1  2.51222 0 0
 0.03  1  2.53222 1 0
 9

 0.03  0.78  2.51222 0 1
 0.03  0.78  2.53222 1 1
 0.03  1  2.53222 1 0
 9

// ramy_okien_nad_C
 0.03  0.78  2.53222 0 1
 0.03  1  2.53222 0 0
 0.02  1  2.53222 1 0
 8

 0.03  0.78  2.53222 0 1
 0.02  0.78  2.53222 1 1
 0.02  1  2.53222 1 0
 8

// ramy_okien_nad_D
 0.02  0.78  2.53222 0 1
 0.02  1  2.53222 0 0
 0.02  1  2.51222 1 0
 9

 0.02  0.78  2.53222 0 1
 0.02  0.78  2.51222 1 1
 0.02  1  2.51222 1 0
 9

// ramy_okien_nad #9
// ramy_okien_nad_A
 0.02  0.78  2.8711 0 1
 0.02  1  2.8711 0 0
 0.03  1  2.8711 1 0
 8

 0.02  0.78  2.8711 0 1
 0.03  0.78  2.8711 1 1
 0.03  1  2.8711 1 0
 8

// ramy_okien_nad_B
 0.03  0.78  2.8711 0 1
 0.03  1  2.8711 0 0
 0.03  1  2.8911 1 0
 9

 0.03  0.78  2.8711 0 1
 0.03  0.78  2.8911 1 1
 0.03  1  2.8911 1 0
 9

// ramy_okien_nad_C
 0.03  0.78  2.8911 0 1
 0.03  1  2.8911 0 0
 0.02  1  2.8911 1 0
 8

 0.03  0.78  2.8911 0 1
 0.02  0.78  2.8911 1 1
 0.02  1  2.8911 1 0
 8

// ramy_okien_nad_D
 0.02  0.78  2.8911 0 1
 0.02  1  2.8911 0 0
 0.02  1  2.8711 1 0
 9

 0.02  0.78  2.8911 0 1
 0.02  0.78  2.8711 1 1
 0.02  1  2.8711 1 0
 9

// ramy_okien_nad #10
// ramy_okien_nad_A
 0.02  0.78  3.22999 0 1
 0.02  1  3.22999 0 0
 0.03  1  3.22999 1 0
 8

 0.02  0.78  3.22999 0 1
 0.03  0.78  3.22999 1 1
 0.03  1  3.22999 1 0
 8

// ramy_okien_nad_B
 0.03  0.78  3.22999 0 1
 0.03  1  3.22999 0 0
 0.03  1  3.24999 1 0
 9

 0.03  0.78  3.22999 0 1
 0.03  0.78  3.24999 1 1
 0.03  1  3.24999 1 0
 9

// ramy_okien_nad_C
 0.03  0.78  3.24999 0 1
 0.03  1  3.24999 0 0
 0.02  1  3.24999 1 0
 8

 0.03  0.78  3.24999 0 1
 0.02  0.78  3.24999 1 1
 0.02  1  3.24999 1 0
 8

// ramy_okien_nad_D
 0.02  0.78  3.24999 0 1
 0.02  1  3.24999 0 0
 0.02  1  3.22999 1 0
 9

 0.02  0.78  3.24999 0 1
 0.02  0.78  3.22999 1 1
 0.02  1  3.22999 1 0
 9


// lacznie trojkatow : 80
