
NUMPOLLIES 30

// pasek #1
// pasek_A
-0.02  0.050666  0.5699 0 1
-0.02  0.070666  0.5699 0 0
 0.072857  0.070666  0.5699 1 0
 10

-0.02  0.050666  0.5699 0 1
 0.072857  0.050666  0.5699 1 1
 0.072857  0.070666  0.5699 1 0
 10

// pasek #2
// pasek_A
 0.072857  0.101332  0.5699 0 1
 0.072857  0.121332  0.5699 0 0
 0.165714  0.121332  0.5699 1 0
 10

 0.072857  0.101332  0.5699 0 1
 0.165714  0.101332  0.5699 1 1
 0.165714  0.121332  0.5699 1 0
 10

// pasek #3
// pasek_A
 0.165714  0.151998  0.5699 0 1
 0.165714  0.171998  0.5699 0 0
 0.258571  0.171998  0.5699 1 0
 10

 0.165714  0.151998  0.5699 0 1
 0.258571  0.151998  0.5699 1 1
 0.258571  0.171998  0.5699 1 0
 10

// pasek #4
// pasek_A
 0.258571  0.202664  0.5699 0 1
 0.258571  0.222664  0.5699 0 0
 0.351428  0.222664  0.5699 1 0
 10

 0.258571  0.202664  0.5699 0 1
 0.351428  0.202664  0.5699 1 1
 0.351428  0.222664  0.5699 1 0
 10

// pasek #5
// pasek_A
 0.351428  0.25333  0.5699 0 1
 0.351428  0.27333  0.5699 0 0
 0.444285  0.27333  0.5699 1 0
 10

 0.351428  0.25333  0.5699 0 1
 0.444285  0.25333  0.5699 1 1
 0.444285  0.27333  0.5699 1 0
 10

// pasek #6
// pasek_A
 0.444285  0.303996  0.5699 0 1
 0.444285  0.323996  0.5699 0 0
 0.537142  0.323996  0.5699 1 0
 10

 0.444285  0.303996  0.5699 0 1
 0.537142  0.303996  0.5699 1 1
 0.537142  0.323996  0.5699 1 0
 10

// pasek #7
// pasek_A
 0.537142  0.354662  0.5699 0 1
 0.537142  0.374662  0.5699 0 0
 0.629999  0.374662  0.5699 1 0
 10

 0.537142  0.354662  0.5699 0 1
 0.629999  0.354662  0.5699 1 1
 0.629999  0.374662  0.5699 1 0
 10

// pasek #8
// pasek_A
 0.629999  0.405328  0.5699 0 1
 0.629999  0.425328  0.5699 0 0
 0.722856  0.425328  0.5699 1 0
 10

 0.629999  0.405328  0.5699 0 1
 0.722856  0.405328  0.5699 1 1
 0.722856  0.425328  0.5699 1 0
 10

// pasek #9
// pasek_A
 0.722856  0.455994  0.5699 0 1
 0.722856  0.475994  0.5699 0 0
 0.815713  0.475994  0.5699 1 0
 10

 0.722856  0.455994  0.5699 0 1
 0.815713  0.455994  0.5699 1 1
 0.815713  0.475994  0.5699 1 0
 10

// pasek #10
// pasek_A
 0.815713  0.50666  0.5699 0 1
 0.815713  0.52666  0.5699 0 0
 0.90857  0.52666  0.5699 1 0
 10

 0.815713  0.50666  0.5699 0 1
 0.90857  0.50666  0.5699 1 1
 0.90857  0.52666  0.5699 1 0
 10

// pasek #11
// pasek_A
 0.90857  0.557326  0.5699 0 1
 0.90857  0.577326  0.5699 0 0
 1.00143  0.577326  0.5699 1 0
 10

 0.90857  0.557326  0.5699 0 1
 1.00143  0.557326  0.5699 1 1
 1.00143  0.577326  0.5699 1 0
 10

// pasek #12
// pasek_A
 1.00143  0.607992  0.5699 0 1
 1.00143  0.627992  0.5699 0 0
 1.09428  0.627992  0.5699 1 0
 10

 1.00143  0.607992  0.5699 0 1
 1.09428  0.607992  0.5699 1 1
 1.09428  0.627992  0.5699 1 0
 10

// pasek #13
// pasek_A
 1.09428  0.658658  0.5699 0 1
 1.09428  0.678658  0.5699 0 0
 1.18714  0.678658  0.5699 1 0
 10

 1.09428  0.658658  0.5699 0 1
 1.18714  0.658658  0.5699 1 1
 1.18714  0.678658  0.5699 1 0
 10

// pasek #14
// pasek_A
 1.18714  0.709324  0.5699 0 1
 1.18714  0.729324  0.5699 0 0
 1.28  0.729324  0.5699 1 0
 10

 1.18714  0.709324  0.5699 0 1
 1.28  0.709324  0.5699 1 1
 1.28  0.729324  0.5699 1 0
 10

// pasek #15
// pasek_A
 1.28  0.75999  0.5699 0 1
 1.28  0.77999  0.5699 0 0
 1.37285  0.77999  0.5699 1 0
 10

 1.28  0.75999  0.5699 0 1
 1.37285  0.75999  0.5699 1 1
 1.37285  0.77999  0.5699 1 0
 10


// lacznie trojkatow : 30
