
NUMPOLLIES 72

// regal_pion #1
// regal_pion_A
 0  0  0 0 1
 0  0.55  0 0 0
 0.01  0.55  0 1 0
 9

 0.01  0.55  0 1 0
 0.01  0  0 1 1
 0  0  0 0 1
 9

// regal_pion_B
 0.01  0  0 0 1
 0.01  0.55  0 0 0
 0.01  0.55  0.12 1 0
 9

 0.01  0.55  0.12 1 0
 0.01  0  0.12 1 1
 0.01  0  0 0 1
 9

// regal_pion_C
 0.01  0  0.12 0 1
 0.01  0.55  0.12 0 0
 0  0.55  0.12 1 0
 9

 0  0.55  0.12 1 0
 0  0  0.12 1 1
 0.01  0  0.12 0 1
 9

// regal_pion_D
 0  0  0.12 0 1
 0  0.55  0.12 0 0
 0  0.55  0 1 0
 9

 0  0.55  0 1 0
 0  0  0 1 1
 0  0  0.12 0 1
 9

// regal_pion #2
// regal_pion_A
 0.21375  0  0 0 1
 0.21375  0.55  0 0 0
 0.22375  0.55  0 1 0
 9

 0.22375  0.55  0 1 0
 0.22375  0  0 1 1
 0.21375  0  0 0 1
 9

// regal_pion_B
 0.22375  0  0 0 1
 0.22375  0.55  0 0 0
 0.22375  0.55  0.12 1 0
 9

 0.22375  0.55  0.12 1 0
 0.22375  0  0.12 1 1
 0.22375  0  0 0 1
 9

// regal_pion_C
 0.22375  0  0.12 0 1
 0.22375  0.55  0.12 0 0
 0.21375  0.55  0.12 1 0
 9

 0.21375  0.55  0.12 1 0
 0.21375  0  0.12 1 1
 0.22375  0  0.12 0 1
 9

// regal_pion_D
 0.21375  0  0.12 0 1
 0.21375  0.55  0.12 0 0
 0.21375  0.55  0 1 0
 9

 0.21375  0.55  0 1 0
 0.21375  0  0 1 1
 0.21375  0  0.12 0 1
 9

// regal_pion #3
// regal_pion_A
 0.4275  0  0 0 1
 0.4275  0.55  0 0 0
 0.4375  0.55  0 1 0
 9

 0.4375  0.55  0 1 0
 0.4375  0  0 1 1
 0.4275  0  0 0 1
 9

// regal_pion_B
 0.4375  0  0 0 1
 0.4375  0.55  0 0 0
 0.4375  0.55  0.12 1 0
 9

 0.4375  0.55  0.12 1 0
 0.4375  0  0.12 1 1
 0.4375  0  0 0 1
 9

// regal_pion_C
 0.4375  0  0.12 0 1
 0.4375  0.55  0.12 0 0
 0.4275  0.55  0.12 1 0
 9

 0.4275  0.55  0.12 1 0
 0.4275  0  0.12 1 1
 0.4375  0  0.12 0 1
 9

// regal_pion_D
 0.4275  0  0.12 0 1
 0.4275  0.55  0.12 0 0
 0.4275  0.55  0 1 0
 9

 0.4275  0.55  0 1 0
 0.4275  0  0 1 1
 0.4275  0  0.12 0 1
 9

// regal_pion #4
// regal_pion_A
 0.64125  0  0 0 1
 0.64125  0.55  0 0 0
 0.65125  0.55  0 1 0
 9

 0.65125  0.55  0 1 0
 0.65125  0  0 1 1
 0.64125  0  0 0 1
 9

// regal_pion_B
 0.65125  0  0 0 1
 0.65125  0.55  0 0 0
 0.65125  0.55  0.12 1 0
 9

 0.65125  0.55  0.12 1 0
 0.65125  0  0.12 1 1
 0.65125  0  0 0 1
 9

// regal_pion_C
 0.65125  0  0.12 0 1
 0.65125  0.55  0.12 0 0
 0.64125  0.55  0.12 1 0
 9

 0.64125  0.55  0.12 1 0
 0.64125  0  0.12 1 1
 0.65125  0  0.12 0 1
 9

// regal_pion_D
 0.64125  0  0.12 0 1
 0.64125  0.55  0.12 0 0
 0.64125  0.55  0 1 0
 9

 0.64125  0.55  0 1 0
 0.64125  0  0 1 1
 0.64125  0  0.12 0 1
 9

// regal_pion #5
// regal_pion_A
 0.855  0  0 0 1
 0.855  0.55  0 0 0
 0.865  0.55  0 1 0
 9

 0.865  0.55  0 1 0
 0.865  0  0 1 1
 0.855  0  0 0 1
 9

// regal_pion_B
 0.865  0  0 0 1
 0.865  0.55  0 0 0
 0.865  0.55  0.12 1 0
 9

 0.865  0.55  0.12 1 0
 0.865  0  0.12 1 1
 0.865  0  0 0 1
 9

// regal_pion_C
 0.865  0  0.12 0 1
 0.865  0.55  0.12 0 0
 0.855  0.55  0.12 1 0
 9

 0.855  0.55  0.12 1 0
 0.855  0  0.12 1 1
 0.865  0  0.12 0 1
 9

// regal_pion_D
 0.855  0  0.12 0 1
 0.855  0.55  0.12 0 0
 0.855  0.55  0 1 0
 9

 0.855  0.55  0 1 0
 0.855  0  0 1 1
 0.855  0  0.12 0 1
 9

// regal_pion #6
// regal_pion_A
 1.06875  0  0 0 1
 1.06875  0.55  0 0 0
 1.07875  0.55  0 1 0
 9

 1.07875  0.55  0 1 0
 1.07875  0  0 1 1
 1.06875  0  0 0 1
 9

// regal_pion_B
 1.07875  0  0 0 1
 1.07875  0.55  0 0 0
 1.07875  0.55  0.12 1 0
 9

 1.07875  0.55  0.12 1 0
 1.07875  0  0.12 1 1
 1.07875  0  0 0 1
 9

// regal_pion_C
 1.07875  0  0.12 0 1
 1.07875  0.55  0.12 0 0
 1.06875  0.55  0.12 1 0
 9

 1.06875  0.55  0.12 1 0
 1.06875  0  0.12 1 1
 1.07875  0  0.12 0 1
 9

// regal_pion_D
 1.06875  0  0.12 0 1
 1.06875  0.55  0.12 0 0
 1.06875  0.55  0 1 0
 9

 1.06875  0.55  0 1 0
 1.06875  0  0 1 1
 1.06875  0  0.12 0 1
 9

// regal_pion #7
// regal_pion_A
 1.2825  0  0 0 1
 1.2825  0.55  0 0 0
 1.2925  0.55  0 1 0
 9

 1.2925  0.55  0 1 0
 1.2925  0  0 1 1
 1.2825  0  0 0 1
 9

// regal_pion_B
 1.2925  0  0 0 1
 1.2925  0.55  0 0 0
 1.2925  0.55  0.12 1 0
 9

 1.2925  0.55  0.12 1 0
 1.2925  0  0.12 1 1
 1.2925  0  0 0 1
 9

// regal_pion_C
 1.2925  0  0.12 0 1
 1.2925  0.55  0.12 0 0
 1.2825  0.55  0.12 1 0
 9

 1.2825  0.55  0.12 1 0
 1.2825  0  0.12 1 1
 1.2925  0  0.12 0 1
 9

// regal_pion_D
 1.2825  0  0.12 0 1
 1.2825  0.55  0.12 0 0
 1.2825  0.55  0 1 0
 9

 1.2825  0.55  0 1 0
 1.2825  0  0 1 1
 1.2825  0  0.12 0 1
 9

// regal_pion #8
// regal_pion_A
 1.49625  0  0 0 1
 1.49625  0.55  0 0 0
 1.50625  0.55  0 1 0
 9

 1.50625  0.55  0 1 0
 1.50625  0  0 1 1
 1.49625  0  0 0 1
 9

// regal_pion_B
 1.50625  0  0 0 1
 1.50625  0.55  0 0 0
 1.50625  0.55  0.12 1 0
 9

 1.50625  0.55  0.12 1 0
 1.50625  0  0.12 1 1
 1.50625  0  0 0 1
 9

// regal_pion_C
 1.50625  0  0.12 0 1
 1.50625  0.55  0.12 0 0
 1.49625  0.55  0.12 1 0
 9

 1.49625  0.55  0.12 1 0
 1.49625  0  0.12 1 1
 1.50625  0  0.12 0 1
 9

// regal_pion_D
 1.49625  0  0.12 0 1
 1.49625  0.55  0.12 0 0
 1.49625  0.55  0 1 0
 9

 1.49625  0.55  0 1 0
 1.49625  0  0 1 1
 1.49625  0  0.12 0 1
 9

// regal_pion #9
// regal_pion_A
 1.71  0  0 0 1
 1.71  0.55  0 0 0
 1.72  0.55  0 1 0
 9

 1.72  0.55  0 1 0
 1.72  0  0 1 1
 1.71  0  0 0 1
 9

// regal_pion_B
 1.72  0  0 0 1
 1.72  0.55  0 0 0
 1.72  0.55  0.12 1 0
 9

 1.72  0.55  0.12 1 0
 1.72  0  0.12 1 1
 1.72  0  0 0 1
 9

// regal_pion_C
 1.72  0  0.12 0 1
 1.72  0.55  0.12 0 0
 1.71  0.55  0.12 1 0
 9

 1.71  0.55  0.12 1 0
 1.71  0  0.12 1 1
 1.72  0  0.12 0 1
 9

// regal_pion_D
 1.71  0  0.12 0 1
 1.71  0.55  0.12 0 0
 1.71  0.55  0 1 0
 9

 1.71  0.55  0 1 0
 1.71  0  0 1 1
 1.71  0  0.12 0 1
 9


// lacznie trojkatow : 72
