
NUMPOLLIES 72

// regal_polka #1
// regal_polka_A
 0  0  0 0 1
 0  0.01  0 0 0
 2  0.01  0 1 0
 9

 2  0.01  0 1 0
 2  0  0 1 1
 0  0  0 0 1
 9

// regal_polka_B
 2  0  0 0 1
 2  0.01  0 0 0
 2  0.01  0.18 1 0
 9

 2  0.01  0.18 1 0
 2  0  0.18 1 1
 2  0  0 0 1
 9

// regal_polka_C
 2  0  0.18 0 1
 2  0.01  0.18 0 0
 0  0.01  0.18 1 0
 9

 0  0.01  0.18 1 0
 0  0  0.18 1 1
 2  0  0.18 0 1
 9

// regal_polka_D
 0  0  0.18 0 1
 0  0.01  0.18 0 0
 0  0.01  0 1 0
 9

 0  0.01  0 1 0
 0  0  0 1 1
 0  0  0.18 0 1
 9

// regal_polka_E
 0  0  0.18 0 1
 0  0  0 0 0
 2  0  0 1 0
 9

 2  0  0 1 0
 2  0  0.18 1 1
 0  0  0.18 0 1
 9

// regal_polka_F
 0  0.01  0 0 1
 0  0.01  0.18 0 0
 2  0.01  0.18 1 0
 9

 2  0.01  0.18 1 0
 2  0.01  0 1 1
 0  0.01  0 0 1
 9

// regal_polka #2
// regal_polka_A
 0  0.11  0 0 1
 0  0.12  0 0 0
 2  0.12  0 1 0
 9

 2  0.12  0 1 0
 2  0.11  0 1 1
 0  0.11  0 0 1
 9

// regal_polka_B
 2  0.11  0 0 1
 2  0.12  0 0 0
 2  0.12  0.18 1 0
 9

 2  0.12  0.18 1 0
 2  0.11  0.18 1 1
 2  0.11  0 0 1
 9

// regal_polka_C
 2  0.11  0.18 0 1
 2  0.12  0.18 0 0
 0  0.12  0.18 1 0
 9

 0  0.12  0.18 1 0
 0  0.11  0.18 1 1
 2  0.11  0.18 0 1
 9

// regal_polka_D
 0  0.11  0.18 0 1
 0  0.12  0.18 0 0
 0  0.12  0 1 0
 9

 0  0.12  0 1 0
 0  0.11  0 1 1
 0  0.11  0.18 0 1
 9

// regal_polka_E
 0  0.11  0.18 0 1
 0  0.11  0 0 0
 2  0.11  0 1 0
 9

 2  0.11  0 1 0
 2  0.11  0.18 1 1
 0  0.11  0.18 0 1
 9

// regal_polka_F
 0  0.12  0 0 1
 0  0.12  0.18 0 0
 2  0.12  0.18 1 0
 9

 2  0.12  0.18 1 0
 2  0.12  0 1 1
 0  0.12  0 0 1
 9

// regal_polka #3
// regal_polka_A
 0  0.22  0 0 1
 0  0.23  0 0 0
 2  0.23  0 1 0
 9

 2  0.23  0 1 0
 2  0.22  0 1 1
 0  0.22  0 0 1
 9

// regal_polka_B
 2  0.22  0 0 1
 2  0.23  0 0 0
 2  0.23  0.18 1 0
 9

 2  0.23  0.18 1 0
 2  0.22  0.18 1 1
 2  0.22  0 0 1
 9

// regal_polka_C
 2  0.22  0.18 0 1
 2  0.23  0.18 0 0
 0  0.23  0.18 1 0
 9

 0  0.23  0.18 1 0
 0  0.22  0.18 1 1
 2  0.22  0.18 0 1
 9

// regal_polka_D
 0  0.22  0.18 0 1
 0  0.23  0.18 0 0
 0  0.23  0 1 0
 9

 0  0.23  0 1 0
 0  0.22  0 1 1
 0  0.22  0.18 0 1
 9

// regal_polka_E
 0  0.22  0.18 0 1
 0  0.22  0 0 0
 2  0.22  0 1 0
 9

 2  0.22  0 1 0
 2  0.22  0.18 1 1
 0  0.22  0.18 0 1
 9

// regal_polka_F
 0  0.23  0 0 1
 0  0.23  0.18 0 0
 2  0.23  0.18 1 0
 9

 2  0.23  0.18 1 0
 2  0.23  0 1 1
 0  0.23  0 0 1
 9

// regal_polka #4
// regal_polka_A
 0  0.33  0 0 1
 0  0.34  0 0 0
 2  0.34  0 1 0
 9

 2  0.34  0 1 0
 2  0.33  0 1 1
 0  0.33  0 0 1
 9

// regal_polka_B
 2  0.33  0 0 1
 2  0.34  0 0 0
 2  0.34  0.18 1 0
 9

 2  0.34  0.18 1 0
 2  0.33  0.18 1 1
 2  0.33  0 0 1
 9

// regal_polka_C
 2  0.33  0.18 0 1
 2  0.34  0.18 0 0
 0  0.34  0.18 1 0
 9

 0  0.34  0.18 1 0
 0  0.33  0.18 1 1
 2  0.33  0.18 0 1
 9

// regal_polka_D
 0  0.33  0.18 0 1
 0  0.34  0.18 0 0
 0  0.34  0 1 0
 9

 0  0.34  0 1 0
 0  0.33  0 1 1
 0  0.33  0.18 0 1
 9

// regal_polka_E
 0  0.33  0.18 0 1
 0  0.33  0 0 0
 2  0.33  0 1 0
 9

 2  0.33  0 1 0
 2  0.33  0.18 1 1
 0  0.33  0.18 0 1
 9

// regal_polka_F
 0  0.34  0 0 1
 0  0.34  0.18 0 0
 2  0.34  0.18 1 0
 9

 2  0.34  0.18 1 0
 2  0.34  0 1 1
 0  0.34  0 0 1
 9

// regal_polka #5
// regal_polka_A
 0  0.44  0 0 1
 0  0.45  0 0 0
 2  0.45  0 1 0
 9

 2  0.45  0 1 0
 2  0.44  0 1 1
 0  0.44  0 0 1
 9

// regal_polka_B
 2  0.44  0 0 1
 2  0.45  0 0 0
 2  0.45  0.18 1 0
 9

 2  0.45  0.18 1 0
 2  0.44  0.18 1 1
 2  0.44  0 0 1
 9

// regal_polka_C
 2  0.44  0.18 0 1
 2  0.45  0.18 0 0
 0  0.45  0.18 1 0
 9

 0  0.45  0.18 1 0
 0  0.44  0.18 1 1
 2  0.44  0.18 0 1
 9

// regal_polka_D
 0  0.44  0.18 0 1
 0  0.45  0.18 0 0
 0  0.45  0 1 0
 9

 0  0.45  0 1 0
 0  0.44  0 1 1
 0  0.44  0.18 0 1
 9

// regal_polka_E
 0  0.44  0.18 0 1
 0  0.44  0 0 0
 2  0.44  0 1 0
 9

 2  0.44  0 1 0
 2  0.44  0.18 1 1
 0  0.44  0.18 0 1
 9

// regal_polka_F
 0  0.45  0 0 1
 0  0.45  0.18 0 0
 2  0.45  0.18 1 0
 9

 2  0.45  0.18 1 0
 2  0.45  0 1 1
 0  0.45  0 0 1
 9

// regal_polka #6
// regal_polka_A
 0  0.55  0 0 1
 0  0.56  0 0 0
 2  0.56  0 1 0
 9

 2  0.56  0 1 0
 2  0.55  0 1 1
 0  0.55  0 0 1
 9

// regal_polka_B
 2  0.55  0 0 1
 2  0.56  0 0 0
 2  0.56  0.18 1 0
 9

 2  0.56  0.18 1 0
 2  0.55  0.18 1 1
 2  0.55  0 0 1
 9

// regal_polka_C
 2  0.55  0.18 0 1
 2  0.56  0.18 0 0
 0  0.56  0.18 1 0
 9

 0  0.56  0.18 1 0
 0  0.55  0.18 1 1
 2  0.55  0.18 0 1
 9

// regal_polka_D
 0  0.55  0.18 0 1
 0  0.56  0.18 0 0
 0  0.56  0 1 0
 9

 0  0.56  0 1 0
 0  0.55  0 1 1
 0  0.55  0.18 0 1
 9

// regal_polka_E
 0  0.55  0.18 0 1
 0  0.55  0 0 0
 2  0.55  0 1 0
 9

 2  0.55  0 1 0
 2  0.55  0.18 1 1
 0  0.55  0.18 0 1
 9

// regal_polka_F
 0  0.56  0 0 1
 0  0.56  0.18 0 0
 2  0.56  0.18 1 0
 9

 2  0.56  0.18 1 0
 2  0.56  0 1 1
 0  0.56  0 0 1
 9


// lacznie trojkatow : 72
