
NUMPOLLIES 56

// schodek #1
// schodek_D
 0  0  0.57 0 3
 0  0.050666  0.57 0 0
 0  0.050666  0 3 0
 10

 0  0  0.57 0 3
 0  0  0 3 3
 0  0.050666  0 3 0
 10

// schodek_F
 0  0.050666  0 0 3
 0  0.050666  0.57 0 0
 0.092857  0.050666  0.57 3 0
 10

 0  0.050666  0 0 3
 0.092857  0.050666  0 3 3
 0.092857  0.050666  0.57 3 0
 10

// schodek #2
// schodek_D
 0.092857  0.050666  0.57 0 3
 0.092857  0.101332  0.57 0 0
 0.092857  0.101332  0 3 0
 10

 0.092857  0.050666  0.57 0 3
 0.092857  0.050666  0 3 3
 0.092857  0.101332  0 3 0
 10

// schodek_F
 0.092857  0.101332  0 0 3
 0.092857  0.101332  0.57 0 0
 0.185714  0.101332  0.57 3 0
 10

 0.092857  0.101332  0 0 3
 0.185714  0.101332  0 3 3
 0.185714  0.101332  0.57 3 0
 10

// schodek #3
// schodek_D
 0.185714  0.101332  0.57 0 3
 0.185714  0.151998  0.57 0 0
 0.185714  0.151998  0 3 0
 10

 0.185714  0.101332  0.57 0 3
 0.185714  0.101332  0 3 3
 0.185714  0.151998  0 3 0
 10

// schodek_F
 0.185714  0.151998  0 0 3
 0.185714  0.151998  0.57 0 0
 0.278571  0.151998  0.57 3 0
 10

 0.185714  0.151998  0 0 3
 0.278571  0.151998  0 3 3
 0.278571  0.151998  0.57 3 0
 10

// schodek #4
// schodek_D
 0.278571  0.151998  0.57 0 3
 0.278571  0.202664  0.57 0 0
 0.278571  0.202664  0 3 0
 10

 0.278571  0.151998  0.57 0 3
 0.278571  0.151998  0 3 3
 0.278571  0.202664  0 3 0
 10

// schodek_F
 0.278571  0.202664  0 0 3
 0.278571  0.202664  0.57 0 0
 0.371428  0.202664  0.57 3 0
 10

 0.278571  0.202664  0 0 3
 0.371428  0.202664  0 3 3
 0.371428  0.202664  0.57 3 0
 10

// schodek #5
// schodek_D
 0.371428  0.202664  0.57 0 3
 0.371428  0.25333  0.57 0 0
 0.371428  0.25333  0 3 0
 10

 0.371428  0.202664  0.57 0 3
 0.371428  0.202664  0 3 3
 0.371428  0.25333  0 3 0
 10

// schodek_F
 0.371428  0.25333  0 0 3
 0.371428  0.25333  0.57 0 0
 0.464285  0.25333  0.57 3 0
 10

 0.371428  0.25333  0 0 3
 0.464285  0.25333  0 3 3
 0.464285  0.25333  0.57 3 0
 10

// schodek #6
// schodek_D
 0.464285  0.25333  0.57 0 3
 0.464285  0.303996  0.57 0 0
 0.464285  0.303996  0 3 0
 10

 0.464285  0.25333  0.57 0 3
 0.464285  0.25333  0 3 3
 0.464285  0.303996  0 3 0
 10

// schodek_F
 0.464285  0.303996  0 0 3
 0.464285  0.303996  0.57 0 0
 0.557142  0.303996  0.57 3 0
 10

 0.464285  0.303996  0 0 3
 0.557142  0.303996  0 3 3
 0.557142  0.303996  0.57 3 0
 10

// schodek #7
// schodek_D
 0.557142  0.303996  0.57 0 3
 0.557142  0.354662  0.57 0 0
 0.557142  0.354662  0 3 0
 10

 0.557142  0.303996  0.57 0 3
 0.557142  0.303996  0 3 3
 0.557142  0.354662  0 3 0
 10

// schodek_F
 0.557142  0.354662  0 0 3
 0.557142  0.354662  0.57 0 0
 0.649999  0.354662  0.57 3 0
 10

 0.557142  0.354662  0 0 3
 0.649999  0.354662  0 3 3
 0.649999  0.354662  0.57 3 0
 10

// schodek #8
// schodek_D
 0.649999  0.354662  0.57 0 3
 0.649999  0.405328  0.57 0 0
 0.649999  0.405328  0 3 0
 10

 0.649999  0.354662  0.57 0 3
 0.649999  0.354662  0 3 3
 0.649999  0.405328  0 3 0
 10

// schodek_F
 0.649999  0.405328  0 0 3
 0.649999  0.405328  0.57 0 0
 0.742856  0.405328  0.57 3 0
 10

 0.649999  0.405328  0 0 3
 0.742856  0.405328  0 3 3
 0.742856  0.405328  0.57 3 0
 10

// schodek #9
// schodek_D
 0.742856  0.405328  0.57 0 3
 0.742856  0.455994  0.57 0 0
 0.742856  0.455994  0 3 0
 10

 0.742856  0.405328  0.57 0 3
 0.742856  0.405328  0 3 3
 0.742856  0.455994  0 3 0
 10

// schodek_F
 0.742856  0.455994  0 0 3
 0.742856  0.455994  0.57 0 0
 0.835713  0.455994  0.57 3 0
 10

 0.742856  0.455994  0 0 3
 0.835713  0.455994  0 3 3
 0.835713  0.455994  0.57 3 0
 10

// schodek #10
// schodek_D
 0.835713  0.455994  0.57 0 3
 0.835713  0.50666  0.57 0 0
 0.835713  0.50666  0 3 0
 10

 0.835713  0.455994  0.57 0 3
 0.835713  0.455994  0 3 3
 0.835713  0.50666  0 3 0
 10

// schodek_F
 0.835713  0.50666  0 0 3
 0.835713  0.50666  0.57 0 0
 0.92857  0.50666  0.57 3 0
 10

 0.835713  0.50666  0 0 3
 0.92857  0.50666  0 3 3
 0.92857  0.50666  0.57 3 0
 10

// schodek #11
// schodek_D
 0.92857  0.50666  0.57 0 3
 0.92857  0.557326  0.57 0 0
 0.92857  0.557326  0 3 0
 10

 0.92857  0.50666  0.57 0 3
 0.92857  0.50666  0 3 3
 0.92857  0.557326  0 3 0
 10

// schodek_F
 0.92857  0.557326  0 0 3
 0.92857  0.557326  0.57 0 0
 1.02143  0.557326  0.57 3 0
 10

 0.92857  0.557326  0 0 3
 1.02143  0.557326  0 3 3
 1.02143  0.557326  0.57 3 0
 10

// schodek #12
// schodek_D
 1.02143  0.557326  0.57 0 3
 1.02143  0.607992  0.57 0 0
 1.02143  0.607992  0 3 0
 10

 1.02143  0.557326  0.57 0 3
 1.02143  0.557326  0 3 3
 1.02143  0.607992  0 3 0
 10

// schodek_F
 1.02143  0.607992  0 0 3
 1.02143  0.607992  0.57 0 0
 1.11428  0.607992  0.57 3 0
 10

 1.02143  0.607992  0 0 3
 1.11428  0.607992  0 3 3
 1.11428  0.607992  0.57 3 0
 10

// schodek #13
// schodek_D
 1.11428  0.607992  0.57 0 3
 1.11428  0.658658  0.57 0 0
 1.11428  0.658658  0 3 0
 10

 1.11428  0.607992  0.57 0 3
 1.11428  0.607992  0 3 3
 1.11428  0.658658  0 3 0
 10

// schodek_F
 1.11428  0.658658  0 0 3
 1.11428  0.658658  0.57 0 0
 1.20714  0.658658  0.57 3 0
 10

 1.11428  0.658658  0 0 3
 1.20714  0.658658  0 3 3
 1.20714  0.658658  0.57 3 0
 10

// schodek #14
// schodek_D
 1.20714  0.658658  0.57 0 3
 1.20714  0.709324  0.57 0 0
 1.20714  0.709324  0 3 0
 10

 1.20714  0.658658  0.57 0 3
 1.20714  0.658658  0 3 3
 1.20714  0.709324  0 3 0
 10

// schodek_F
 1.20714  0.709324  0 0 3
 1.20714  0.709324  0.57 0 0
 1.3  0.709324  0.57 3 0
 10

 1.20714  0.709324  0 0 3
 1.3  0.709324  0 3 3
 1.3  0.709324  0.57 3 0
 10


// lacznie trojkatow : 56
