NUMPOLLIES 16

// drzwi
0.0  0.62  0.34 1 0
0.0  0.62  0.01 0 0
0.0  0.00  0.01 0 1
29
0.0  0.00  0.01 0 1
0.0  0.00  0.34 1 1
0.0  0.62  0.34 1 0
29
//pasek ponad
0.0  0.63  0.35 1 0
0.0  0.63  0.00 0 0
0.0  0.62  0.01 0 1
29
0.0  0.62  0.01 0 1
0.0  0.62  0.34 1 1
0.0  0.63  0.35 1 0
29
//pasek obok
0.0  0.62  0.01 1 0
0.0  0.63  0.00 0 0
0.0  0.00  0.00 0 1
29
0.0  0.00  0.00 0 1
0.0  0.00  0.01 1 1
0.0  0.62  0.01 1 0
29
//pasek obok
0.0  0.63  0.35 1 0
0.0  0.62  0.34 0 0
0.0  0.00  0.34 0 1
29
0.0  0.00  0.34 0 1
0.0  0.00  0.35 1 1
0.0  0.63  0.35 1 0
29

// tylnia strona
// drzwi
0.01  0.00  0.01 0 1
0.01  0.62  0.01 0 0
0.01  0.62  0.34 1 0
29
0.01  0.62  0.34 1 0
0.01  0.00  0.34 1 1
0.01  0.00  0.01 0 1
29
//pasek ponad
0.01  0.62  0.01 0 1
0.01  0.63  0.00 0 0
0.01  0.63  0.35 1 0
29
0.01  0.63  0.35 1 0
0.01  0.62  0.34 1 1
0.01  0.62  0.01 0 1
29
//pasek obok
0.01  0.00  0.00 0 1
0.01  0.63  0.00 0 0
0.01  0.62  0.01 1 0
29
0.01  0.62  0.01 1 0
0.01  0.00  0.01 1 1
0.01  0.00  0.00 0 1
29
//pasek obok
0.01  0.00  0.34 0 1
0.01  0.62  0.34 0 0
0.01  0.63  0.35 1 0
29
0.01  0.63  0.35 1 0
0.01  0.00  0.35 1 1
0.01  0.00  0.34 0 1
29