
NUMPOLLIES 52

// pasek szary drzwi korytarz1
0.0  1.115  0.015 1 0
0.0  1.115  0.00 0 0
0.0  0.00  0.00 0 1
 9
0.0  0.00  0.00 0 1
0.0  0.00  0.015 1 1
0.0  1.115  0.015 1 0
 9
// pasek szary drzwi sala1
0.02  0.00  0.00 0 1
0.02  1.115  0.00 0 0
0.02  1.115  0.015 1 0
 9
0.02  1.115  0.015 1 0
0.02  0.00  0.015 1 1
0.02  0.00  0.00 0 1
 9
// pasek szary drzwi korytarz2
0.0  1.115  0.5 1 0
0.0  1.115  0.485 0 0
0.0  0.0  0.485 0 1
 9
0.0  0.00  0.485 0 1
0.0  0.0  0.5 1 1
0.0  1.115  0.5 1 0
 9
// pasek szary drzwi sala2
0.02  0.00  0.485 0 1
0.02  1.115  0.485 0 0
0.02  1.115  0.5 1 0
 9
0.02  1.115  0.5 1 0
0.02  0.00  0.5 1 1
0.02  0.00  0.485 0 1
 9
// pasek szary drzwi korytarz3 - gora top
0.0  1.115  0.485 1 0
0.0  1.115  0.015 0 0
0.0  1.1  0.015 0 1
 9
0.0  1.1  0.015 0 1
0.0  1.1  0.485 1 1
0.0  1.115  0.485 1 0
 9
// pasek szary drzwi sala3 - gora top
0.02  1.1  0.015 0 1
0.02  1.115  0.015 0 0
0.02  1.115  0.485 1 0
 9
0.02  1.115  0.485 1 0
0.02  1.1  0.485 1 1
0.02  1.1  0.015 0 1
 9
// pasek szary drzwi korytarz4 - gora middle
0.0  0.765  0.485 1 0
0.0  0.765  0.015 0 0
0.0  0.75  0.015 0 1
 9
0.0  0.75  0.015 0 1
0.0  0.75  0.485 1 1
0.0  0.765  0.485 1 0
 9
// pasek szary drzwi sala4 - gora middle
0.02  0.75  0.015 0 1
0.02  0.765  0.015 0 0
0.02  0.765  0.485 1 0
 9
0.02  0.765  0.485 1 0
0.02  0.75  0.485 1 1
0.02  0.75  0.015 0 1
 9
// pasek szary drzwi korytarz5 - gora bottom szkla
0.0  0.015  0.485 1 0
0.0  0.015  0.365 0 0
0.0  0.0  0.365 0 1
 9
0.0  0.0  0.365 0 1
0.0  0.0  0.485 1 1
0.0  0.015  0.485 1 0
 9
// pasek szary drzwi sala5 - gora bottom szkla
0.02  0.0  0.365 0 1
0.02  0.015  0.365 0 0
0.02  0.015  0.485 1 0
 9
0.02  0.015  0.485 1 0
0.02  0.0  0.485 1 1
0.02  0.0  0.365 0 1
 9
// pasek szary drzwi korytarz6
0.0  0.75  0.365 1 0
0.0  0.75  0.35 0 0
0.0  0.0  0.35 0 1
 9
0.0  0.00  0.35 0 1
0.0  0.0  0.365 1 1
0.0  0.75  0.365 1 0
 9
// pasek szary drzwi sala6
0.02  0.00  0.35 0 1
0.02  0.75  0.35 0 0
0.02  0.75  0.365 1 0
 9
0.02  0.75  0.365 1 0
0.02  0.00  0.365 1 1
0.02  0.00  0.35 0 1
 9

// szara pozioma1 up
 0.0  0.015  0.365 0 1
 0.0  0.015  0.485 0 0
 0.02  0.015  0.485 1 0
9
 0.02  0.015  0.485 1 0
 0.02  0.015  0.365 1 1
 0.0  0.015  0.365 0 1
9
// szara pozioma2 up
 0.0  0.765  0.015 0 1
 0.0  0.765  0.485 0 0
 0.02  0.765  0.485 1 0
9
 0.02  0.765  0.485 1 0
 0.02  0.765  0.015 1 1
 0.0  0.765  0.015 0 1
9
// szara pozioma3 down
 0.02  0.75  0.485 1 0
 0.0  0.75  0.485 0 0
 0.0  0.75  0.015 0 1
9
 0.0  0.75  0.015 0 1
 0.02  0.75  0.015 1 1
 0.02  0.75  0.485 1 0
9
// szara pozioma4 down
 0.02  1.1  0.485 1 0
 0.0  1.1  0.485 0 0
 0.0  1.1  0.015 0 1
9
 0.0  1.1  0.015 0 1
 0.02  1.1  0.015 1 1
 0.02  1.1  0.485 1 0
9

// w strone wejscia1 pion
0.02 1.1  0.015 1 0
0.0  1.1  0.015 0 0
0.0  0.00 0.015 0 1
 11
0.0  0.00  0.015 0 1
0.02  0.00  0.015 1 1
0.02  1.1  0.015 1 0
 11
// w strone wejscia2 pion
0.02 0.75  0.365 1 0
0.0  0.75  0.365 0 0
0.0  0.00 0.365 0 1
 11
0.0  0.00  0.365 0 1
0.02  0.00  0.365 1 1
0.02  0.75  0.365 1 0
 11
// od wejscia 3 pion
0.0  0.00 0.485 0 1
0.0  1.1  0.485 0 0
0.02 1.1  0.485 1 0
 11
0.02  1.1  0.485 1 0
0.02  0.00  0.485 1 1
0.0  0.00  0.485 0 1
 11
// od wejscia 4 pion
0.0  0.00 0.35 0 1
0.0  0.75  0.35 0 0
0.02 0.75  0.35 1 0
 11
0.02  0.75  0.35 1 0
0.02  0.00  0.35 1 1
0.0  0.00  0.35 0 1
 11

// **************** NIE SZARE
// drzwi
0.0  0.75  0.35 1 0
0.0  0.75  0.015 0 0
0.0  0.00  0.015 0 1
29
0.0  0.00  0.015 0 1
0.0  0.00  0.35 1 1
0.0  0.75  0.35 1 0
29
// drzwi - od wewnatrz
0.02 0.00  0.015 0 1
0.02 0.75  0.015 0 0
0.02 0.75  0.35 1 0
29
0.02 0.75  0.35 1 0
0.02 0.00  0.35 1 1
0.02 0.00  0.015 0 1
29

// okna
// okna 1 - gora top
0.0  1.1  0.485 1 0
0.0  1.1  0.015 0 0
0.0  0.765  0.015 0 1
 8
0.0  0.765  0.015 0 1
0.0  0.765  0.485 1 1
0.0  1.1  0.485 1 0
 8
// okna 2 - gora top
0.02  0.765  0.015 0 1
0.02  1.1  0.015 0 0
0.02  1.1  0.485 1 0
 8
0.02  1.1  0.485 1 0
0.02  0.765  0.485 1 1
0.02  0.765  0.015 0 1
 8
// okna 3 - gora top
0.0  0.75  0.485 1 0
0.0  0.75  0.365 0 0
0.0  0.015  0.365 0 1
 8
0.0  0.015  0.365 0 1
0.0  0.015  0.485 1 1
0.0  0.75  0.485 1 0
 8
// okna 4 - gora top
0.02  0.015  0.365 0 1
0.02  0.75  0.365 0 0
0.02  0.75  0.485 1 0
 8
0.02  0.75  0.485 1 0
0.02  0.015  0.485 1 1
0.02  0.015  0.365 0 1
 8