
NUMPOLLIES 134

// 3.5 = 6.4 * 3 x + 2x + 0.36
// x = 0,1386792452830189 = 0.13867
// wysokosc calej ramy - dwoch okien i 1 ram wynosi 0.43
// 0.02/rama, 0.185/okno
// 1.22
//0.32585

// dolna czesc ramy1
 0.0  0.02  0.0075 1 0
 0.0  0.02  0.50376 0 0
 0.0  0.0  0.50376 0 1
9
 0.0  0.0  0.50376 0 1
 0.0  0.0  0.0075 1 1
 0.0  0.02  0.0075 1 0
9
// dolna czesc ramy
 -0.011  0.0  0.50376 0 1
 -0.011  0.02  0.50376 0 0
 -0.011  0.02  -0.0075 1 0
9
 -0.011  0.02  -0.0075 1 0
 -0.011  0.0  -0.0075 1 1
 -0.011  0.0  0.50376 0 1
9
// gorna czesc ramy 1
 -0.004  0.02  0.02 0 1
 -0.004  0.02  0.48376 0 0
 0.0  0.02  0.48376 1 0
 9
 0.0  0.02  0.48376 1 0
 0.0  0.02  0.02 1 1
 -0.004  0.02  0.02 0 1
 9
// gorna czesc ramy 2
 -0.011  0.02  0.02 0 1
 -0.011  0.02  0.48376 0 0
 -0.007  0.02  0.48376 1 0
 9
 -0.007  0.02  0.48376 1 0
 -0.007  0.02  0.02 1 1
 -0.011  0.02  0.02 0 1
 9

// pion1A
 0.0  0.596  0.0075 1 0
 0.0  0.596  0.02 0 0
 0.0  0.02  0.02 0 1
9
 0.0  0.02  0.02 0 1
 0.0  0.02  0.0075 1 1
 0.0  0.596  0.0075 1 0
9
// pion1B
 -0.011  0.02  0.02 0 1
 -0.011  0.596  0.02 0 0
 -0.011  0.596  -0.0075 1 0
9
 -0.011  0.596  -0.0075 1 0
 -0.011  0.02  -0.0075 1 1
 -0.011  0.02  0.02 0 1
9



// pion2A
 0.0  0.596  0.15867 1 0
 0.0  0.596  0.17867 0 0
 0.0  0.02  0.17867 0 1
9
 0.0  0.02  0.17867 0 1
 0.0  0.02  0.15867 1 1
 0.0  0.596  0.15867 1 0
9
// pion2B
 -0.011  0.02  0.17867 0 1
 -0.011  0.596  0.17867 0 0
 -0.011  0.596  0.15867 1 0
9
 -0.011  0.596  0.15867 1 0
 -0.011  0.02  0.15867 1 1
 -0.011  0.02  0.17867 0 1
9
// pion3A
 0.0  0.596  0.48376 1 0
 0.0  0.596  0.50376 0 0
 0.0  0.02  0.50376 0 1
9
 0.0  0.02  0.50376 0 1
 0.0  0.02  0.48376 1 1
 0.0  0.596  0.48376 1 0
9
// pion3B
 -0.011  0.02  0.50376 0 1
 -0.011  0.596  0.50376 0 0
 -0.011  0.596  0.48376 1 0
9
 -0.011  0.596  0.48376 1 0
 -0.011  0.02  0.48376 1 1
 -0.011  0.02  0.50376 0 1
9


// 24!!

// gora - dolna czesc ramy1
 0.0  0.616  0.0075 1 0
 0.0  0.616  0.50376 0 0
 0.0  0.596  0.50376 0 1
9
 0.0  0.596  0.50376 0 1
 0.0  0.596  0.0075 1 1
 0.0  0.616  0.0075 1 0
9
// gora - dolna czesc ramy
 -0.011  0.596  0.50376 0 1
 -0.011  0.616  0.50376 0 0
 -0.011  0.616  -0.0075 1 0
9
 -0.011  0.616  -0.0075 1 0
 -0.011  0.596  -0.0075 1 1
 -0.011  0.596  0.50376 0 1
9
//gora -  gorna czesc ramy 1
 0.0  0.596  0.48376 1 0
 -0.004  0.596  0.48376 0 0
 -0.004  0.596  0.02 0 1
 9
 -0.004  0.596  0.02 0 1
 0.0  0.596  0.02 1 1
 0.0  0.596  0.48376 1 0
 9
// gora - gorna czesc ramy 2
 -0.007  0.596  0.48376 1 0
 -0.011  0.596  0.48376 0 0
 -0.011  0.596  0.02 0 1
 9
 -0.011  0.596  0.02 0 1
 -0.007  0.596  0.02 1 1
 -0.007  0.596  0.48376 1 0
 9


// pion1_wnetrzeA
 0.0  0.596  0.02 1 0
 -0.004  0.596  0.02 0 0
 -0.004  0.02  0.02 0 1
9	
 -0.004  0.02  0.02 0 1
 0.0  0.02  0.02 1 1
 0.0  0.596  0.02 1 0
9
// pion1_wnetrzeB
 -0.007  0.596  0.02 1 0
 -0.011  0.596  0.02 0 0
 -0.011  0.02  0.02 0 1
9
 -0.011  0.02  0.02 0 1
 -0.007  0.02  0.02 1 1
 -0.007  0.596  0.02 1 0
9

// 36!
// pasek pierwszego okna - wewetrzne, pionowe
 0.0  0.596  0.17867 1 0
 -0.004  0.596  0.17867 0 0
 -0.004  0.02  0.17867 0 1
9
 -0.004  0.02  0.17867 0 1
 0.0  0.02  0.17867 1 1
 0.0  0.596  0.17867 1 0
9
// pion2_wnetrzeB
 -0.007  0.596  0.17867 1 0
 -0.011  0.596  0.17867 0 0
 -0.011  0.02  0.17867 0 1
9
 -0.011  0.02  0.17867 0 1
 -0.007  0.02  0.17867 1 1
 -0.007  0.596  0.17867 1 0
9
// dodatkowe - drugiego okna, wewnetrzne, pionowe
 -0.004  0.02  0.15867 0 1
 -0.004  0.596  0.15867 0 0
 0.0  0.596  0.15867 1 0
9
 0.0  0.596  0.15867 1 0
 0.0  0.02  0.15867 1 1
 -0.004  0.02  0.15867 0 1
9
// pion2_wnetrzeB
 -0.011  0.02  0.15867 0 1
 -0.011  0.596  0.15867 0 0
 -0.007  0.596  0.15867 1 0
9
 -0.007  0.596  0.15867 1 0
 -0.007  0.02  0.15867 1 1
 -0.011  0.02  0.15867 0 1
9

// pion3_wnetrzeA
 -0.004  0.02  0.48376 0 1
 -0.004  0.596  0.48376 0 0
 0.0  0.596  0.48376 1 0
9
 0.0  0.596  0.48376 1 0
 0.0  0.02  0.48376 1 1
 -0.004  0.02  0.48376 0 1
9
// pion3_wnetrzeB
 -0.011  0.02  0.48376 0 1
 -0.011  0.596  0.48376 0 0
 -0.007  0.596  0.48376 1 0
9
 -0.007  0.596  0.48376 1 0
 -0.007  0.02  0.48376 1 1
 -0.011  0.02  0.48376 0 1
9

// 44 !!!!!!!!!!!!!!!!!!

// czarny pasek1
 -0.007  0.02  0.48376 0 1
 -0.007  0.596  0.48376 0 0
 -0.004  0.596  0.48376 1 0
5
 -0.004  0.596  0.48376 1 0
 -0.004  0.02  0.48376 1 1
 -0.007  0.02  0.48376 0 1
5
// czarny pasek2
 -0.007  0.02  0.15867 0 1
 -0.007  0.596  0.15867 0 0
 -0.004  0.596  0.15867 1 0
5
 -0.004  0.596  0.15867 1 0
 -0.004  0.02  0.15867 1 1
 -0.007  0.02  0.15867 0 1
5
// czarny pasek3
 -0.007  0.02  0.17867 0 1
 -0.007  0.596  0.17867 0 0
 -0.004  0.596  0.17867 1 0
5
 -0.004  0.596  0.17867 1 0
 -0.004  0.02  0.17867 1 1
 -0.007  0.02  0.17867 0 1
5
// czarny pasek3
 -0.007  0.02  0.02 0 1
 -0.007  0.596  0.02 0 0
 -0.004  0.596  0.02 1 0
5
 -0.004  0.596  0.02 1 0
 -0.004  0.02  0.02 1 1
 -0.007  0.02  0.02 0 1
5
// 52 !!

// dlugi czarny pasek
 -0.007  0.02  0.02 0 1
 -0.007  0.02  0.48376 0 0
 -0.004  0.02  0.48376 1 0
 5
 -0.004  0.02  0.48376 1 0
 -0.004  0.02  0.02 1 1
 -0.007  0.02  0.02 0 1
 5
// dlugi czarny pasek2
 -0.007  0.596  0.02 0 1
 -0.007  0.596  0.48376 0 0
 -0.004  0.596  0.48376 1 0
 5
 -0.004  0.596  0.48376 1 0
 -0.004  0.596  0.02 1 1
 -0.007  0.596  0.02 0 1
 5

// ************************** KONIEC PIERWSZYCH DWOCH OKIEN- 56 TROJKATOW

// wypust pionowy
 0.04  0.616  -0.0075 1 0
 0.04  0.616  0.0075 0 0
 0.04  0.0  0.0075 0 1
9
 0.04  0.0  0.0075 0 1
 0.04  0.0  -0.0075 1 1
 0.04  0.616  -0.0075 1 0
9

// wypust pionowyB
 0.0  0.0  -0.0075 0 1
 0.0  0.616  -0.0075 0 0
 0.04  0.616  -0.0075 1 0
9
 0.04  0.616  -0.0075 1 0
 0.04  0.0  -0.0075 1 1
 0.0  0.0  -0.0075 0 1
9

// wypust pionowyC
 0.04  0.616  0.0075 1 0
 0.0  0.616  0.0075 0 0
 0.0  0.0  0.0075 0 1
9
 0.0  0.0  0.0075 0 1
 0.04  0.0  0.0075 1 1
 0.04  0.616  0.0075 1 0
9

// wypust pionowyF
 0.04  0.616  -0.0075 1 0
 0.0  0.616  -0.0075 0 0
 0.0  0.616  0.0075 0 1
 9
 0.0  0.616  0.0075 0 1
 0.04  0.616  0.0075 1 1
 0.04  0.616  -0.0075 1 0
 9
// wypust pionowyE
 0.0  0.0  0.0075 0 1
 0.0  0.0  -0.0075 0 0
 0.04  0.0  -0.0075 1 0
 9
 0.04  0.0  -0.0075 1 0
 0.04  0.0  0.0075 1 1
 0.0  0.0  0.0075 0 1
 9

// *********************** // DRUGA SERIA OKIEN - 56+

// dolna czesc ramy1
 0.0  0.02 -0.511244 1 0
 0.0  0.02  -0.0075 0 0
 0.0  0.0  -0.0075 0 1
9
 0.0  0.0  -0.0075 0 1
 0.0  0.0 -0.511244 1 1
 0.0  0.02 -0.511244 1 0
9
// dolna czesc ramy
 -0.011  0.0  -0.0075 0 1
 -0.011  0.02  -0.0075 0 0
 -0.011  0.02 -0.511244 1 0
9
 -0.011  0.02 -0.511244 1 0
 -0.011  0.0 -0.511244 1 1
 -0.011  0.0  -0.0075 0 1
9
// gorna czesc ramy 1
 -0.004  0.02  -0.491244 0 1
 -0.004  0.02  -0.0275 0 0
 0.0  0.02  -0.0275 1 0
 9
 0.0  0.02  -0.0275 1 0
 0.0  0.02  -0.491244 1 1
 -0.004  0.02  -0.491244 0 1
 9
// gorna czesc ramy 2
 -0.011  0.02  -0.491244 0 1
 -0.011  0.02  -0.0275 0 0
 -0.007  0.02  -0.0275 1 0
 9
 -0.007  0.02  -0.0275 1 0
 -0.007  0.02  -0.491244 1 1
 -0.011  0.02  -0.491244 0 1
 9

// pion1A
 0.0  0.596 -0.511244 1 0
 0.0  0.596  -0.491244 0 0
 0.0  0.02  -0.491244 0 1
9
 0.0  0.02  -0.491244 0 1
 0.0  0.02 -0.511244 1 1
 0.0  0.596 -0.511244 1 0
9
// pion1B
 -0.011  0.02  -0.491244 0 1
 -0.011  0.596 -0.491244 0 0
 -0.011  0.596 -0.511244 1 0
9
 -0.011  0.596 -0.511244 1 0
 -0.011  0.02 -0.511244 1 1
 -0.011  0.02  -0.491244 0 1
9



// pion2A
 0.0  0.596  -0.18617 1 0
 0.0  0.596  -0.16617 0 0
 0.0  0.02  -0.16617 0 1
9
 0.0  0.02  -0.16617 0 1
 0.0  0.02  -0.18617 1 1
 0.0  0.596  -0.18617 1 0
9
// pion2B
 -0.011  0.02  -0.16617 0 1
 -0.011  0.596  -0.16617 0 0
 -0.011  0.596  -0.18617 1 0
9
 -0.011  0.596  -0.18617 1 0
 -0.011  0.02  -0.18617 1 1
 -0.011  0.02  -0.16617 0 1
9
// pion3A
 0.0  0.596  -0.0275 1 0
 0.0  0.596  -0.0075 0 0
 0.0  0.02  -0.0075 0 1
9
 0.0  0.02  -0.0075 0 1
 0.0  0.02  -0.0275 1 1
 0.0  0.596  -0.0275 1 0
9
// pion3B
 -0.011  0.02  -0.0075 0 1
 -0.011  0.596  -0.0075 0 0
 -0.011  0.596  -0.0275 1 0
9
 -0.011  0.596  -0.0275 1 0
 -0.011  0.02  -0.0275 1 1
 -0.011  0.02  -0.0075 0 1
9


// 24!!

// gora - dolna czesc ramy1
 0.0  0.616 -0.511244 1 0
 0.0  0.616  -0.0075 0 0
 0.0  0.596  -0.0075 0 1
9
 0.0  0.596  -0.0075 0 1
 0.0  0.596 -0.511244 1 1
 0.0  0.616 -0.511244 1 0
9
// gora - dolna czesc ramy
 -0.011  0.596  -0.0075 0 1
 -0.011  0.616  -0.0075 0 0
 -0.011  0.616 -0.511244 1 0
9
 -0.011  0.616 -0.511244 1 0
 -0.011  0.596 -0.511244 1 1
 -0.011  0.596  -0.0075 0 1
9
//gora -  gorna czesc ramy 1
 0.0  0.596  -0.0275 1 0
 -0.004  0.596  -0.0275 0 0
 -0.004  0.596  -0.491244 0 1
 9
 -0.004  0.596  -0.491244 0 1
 0.0  0.596  -0.491244 1 1
 0.0  0.596  -0.0275 1 0
 9
// gora - gorna czesc ramy 2
 -0.007  0.596  -0.0275 1 0
 -0.011  0.596  -0.0275 0 0
 -0.011  0.596  -0.491244 0 1
 9
 -0.011  0.596  -0.491244 0 1
 -0.007  0.596  -0.491244 1 1
 -0.007  0.596  -0.0275 1 0
 9


// pion1_wnetrzeA
 0.0  0.596  -0.491244 1 0
 -0.004  0.596 -0.491244 0 0
 -0.004  0.02  -0.491244 0 1
9	
 -0.004  0.02  -0.491244 0 1
 0.0  0.02  -0.491244 1 1
 0.0  0.596  -0.491244 1 0
9
// pion1_wnetrzeB
 -0.007  0.596  -0.491244 1 0
 -0.011  0.596  -0.491244 0 0
 -0.011  0.02  -0.491244 0 1
9
 -0.011  0.02  -0.491244 0 1
 -0.007  0.02  -0.491244 1 1
 -0.007  0.596  -0.491244 1 0
9

// 36!
// pasek pierwszego okna - wewetrzne, pionowe
 0.0  0.596  -0.16617 1 0
 -0.004  0.596  -0.16617 0 0
 -0.004  0.02  -0.16617 0 1
9
 -0.004  0.02  -0.16617 0 1
 0.0  0.02  -0.16617 1 1
 0.0  0.596  -0.16617 1 0
9
// pion2_wnetrzeB
 -0.007  0.596  -0.16617 1 0
 -0.011  0.596  -0.16617 0 0
 -0.011  0.02  -0.16617 0 1
9
 -0.011  0.02  -0.16617 0 1
 -0.007  0.02  -0.16617 1 1
 -0.007  0.596  -0.16617 1 0
9
// dodatkowe - drugiego okna, wewnetrzne, pionowe
 -0.004  0.02  -0.18617 0 1
 -0.004  0.596  -0.18617 0 0
 0.0  0.596  -0.18617 1 0
9
 0.0  0.596  -0.18617 1 0
 0.0  0.02  -0.18617 1 1
 -0.004  0.02  -0.18617 0 1
9
// pion2_wnetrzeB
 -0.011  0.02  -0.18617 0 1
 -0.011  0.596  -0.18617 0 0
 -0.007  0.596  -0.18617 1 0
9
 -0.007  0.596  -0.18617 1 0
 -0.007  0.02  -0.18617 1 1
 -0.011  0.02  -0.18617 0 1
9

// pion3_wnetrzeA
 -0.004  0.02  -0.0275 0 1
 -0.004  0.596  -0.0275 0 0
 0.0  0.596  -0.0275 1 0
9
 0.0  0.596  -0.0275 1 0
 0.0  0.02  -0.0275 1 1
 -0.004  0.02  -0.0275 0 1
9
// pion3_wnetrzeB
 -0.011  0.02  -0.0275 0 1
 -0.011  0.596  -0.0275 0 0
 -0.007  0.596  -0.0275 1 0
9
 -0.007  0.596  -0.0275 1 0
 -0.007  0.02  -0.0275 1 1
 -0.011  0.02  -0.0275 0 1
9

// 44 !!!!!!!!!!!!!!!!!!

// czarny pasek1
 -0.007  0.02  -0.0275 0 1
 -0.007  0.596  -0.0275 0 0
 -0.004  0.596  -0.0275 1 0
5
 -0.004  0.596  -0.0275 1 0
 -0.004  0.02  -0.0275 1 1
 -0.007  0.02  -0.0275 0 1
5
// czarny pasek2
 -0.007  0.02  -0.18617 0 1
 -0.007  0.596  -0.18617 0 0
 -0.004  0.596  -0.18617 1 0
5
 -0.004  0.596  -0.18617 1 0
 -0.004  0.02  -0.18617 1 1
 -0.007  0.02  -0.18617 0 1
5
// czarny pasek3
 -0.007  0.02  -0.16617 0 1
 -0.007  0.596  -0.16617 0 0
 -0.004  0.596  -0.16617 1 0
5
 -0.004  0.596  -0.16617 1 0
 -0.004  0.02  -0.16617 1 1
 -0.007  0.02  -0.16617 0 1
5
// czarny pasek3
 -0.007  0.02  -0.491244 0 1
 -0.007  0.596  -0.491244 0 0
 -0.004  0.596  -0.491244 1 0
5
 -0.004  0.596  -0.491244 1 0
 -0.004  0.02  -0.491244 1 1
 -0.007  0.02  -0.491244 0 1
5
// 52 !!

// dlugi czarny pasek
 -0.007  0.02  -0.491244 0 1
 -0.007  0.02  -0.0275 0 0
 -0.004  0.02  -0.0275 1 0
 5
 -0.004  0.02  -0.0275 1 0
 -0.004  0.02  -0.491244 1 1
 -0.007  0.02  -0.491244 0 1
 5
// dlugi czarny pasek2
 -0.007  0.596  -0.491244 0 1
 -0.007  0.596  -0.0275 0 0
 -0.004  0.596  -0.0275 1 0
 5
 -0.004  0.596  -0.0275 1 0
 -0.004  0.596  -0.491244 1 1
 -0.007  0.596  -0.491244 0 1
 5

// paski-xowe
 0  0.616  -0.6632474 1 0
 0  0.616   -0.511244 0 0
 0  0.0  -0.511244 0 4
6
 0  0.0  -0.511244 0 4
 0  0.0  -0.6632474 1 4
 0  0.616  -0.6632474 1 0
6

// szyby!

// szyba glowna!1
 -0.007  0.596  0.48376  1 0
 -0.007  0.596  0.02 0 0
 -0.007  0.02  0.02 0 1
 8
 -0.007  0.02  0.02 0 1
 -0.007 0.02  0.48376  1 1
 -0.007  0.596  0.48376  1 0
 8

// szyba glowna!2
 -0.004  0.02  0.02 0 1
 -0.004  0.596  0.02 0 0
 -0.004  0.596  0.48376  1 0
   8
 -0.004  0.596  0.48376  1 0
 -0.004 0.02  0.48376  1 1
 -0.004  0.02  0.02 0 1
 8

// szyba glowna!3
 -0.007  0.596  -0.0275  1 0
 -0.007  0.596  -0.491244 0 0
 -0.007  0.02  -0.491244 0 1
 8
 -0.007  0.02  -0.491244 0 1
 -0.007 0.02  -0.0275  1 1
 -0.007  0.596  -0.0275  1 0
 8

// szyba glowna!4
 -0.004  0.02  -0.491244 0 1
 -0.004  0.596  -0.491244 0 0
 -0.004  0.596  -0.0275  1 0
   8
 -0.004  0.596  -0.0275  1 0
 -0.004 0.02  -0.0275  1 1
 -0.004  0.02  -0.491244 0 1
 8
