NUMPOLLIES 68
// ************ GORNA I DOLNA RAMA

// dolna_rama_B
-0.01  0  4.134 0 1
-0.01  0.01  4.134 0 0
-0.01  0.01  4.762 1 0
 5

-0.01  0  4.134 0 1
-0.01  0  4.762 1 1
-0.01  0.01  4.762 1 0
 5

// dolna_rama_D
0.00  0  4.762 0 1
0.00  0.01 4.762 0 0
0.00  0.01  4.134 1 0
 5

0.00  0  4.762 0 1
0.00  0  4.134 1 1
0.00  0.01  4.134 1 0
 5

// dolna_rama_F
-0.01  0.01  4.134 0 1
-0.01  0.01  4.762 0 0
0.00  0.01  4.762 1 0
 5

-0.01  0.01 4.134 0 1
0.00  0.01  4.134 1 1
0.00  0.01   4.762 1 0
 5

// *************************rama drzwi!
// gorna_rama_B
-0.01  0.46   3.5 1
-0.01  0.47  3.5 0 0
-0.01  0.47  4.134 1 0
 5

-0.01  0.46   3.5 0 1
-0.01  0.46   4.134 1 1
-0.01  0.47  4.134 1 0
 5

// gorna_rama_D
0.00  0.46   4.134 0 1
0.00  0.47  4.134 0 0
0.00  0.47  3.5 1 0
 5

0.00  0.46   4.134 0 1
0.00  0.46  3.5 1 1
0.00  0.47  3.5 1 0
 5

// gorna_rama_F
-0.01  0.46   3.5 0 1
-0.01  0.46   4.134 0 0
0  0.46   4.134 1 0
 5

-0.01  0.46   3.5 0 1
0  0.46   3.5 1 1
0  0.46   4.134 1 0
 5

// gorna_rama_F
-0.01  0.47  3.5 0 1
-0.01  0.47  4.134 0 0
0  0.47  4.134 1 0
 5

-0.01  0.47  3.5 0 1
0  0.47  3.5 1 1
0  0.47  4.134 1 0
 5



// **** DRUGA DOLNA RAMA
// dolna_rama_B
-0.01  0  0.0 0 1
-0.01  0.01  0.0 0 0
-0.01  0.01  3.5 1 0
 5

-0.01  0  0 0 1
-0.01  0  3.5 1 1
-0.01  0.01  3.5 1 0
 5

// dolna_rama_D
0.00  0  3.5 0 1
0.00  0.01 3.5 0 0
0.00  0.01  0 1 0
 5

0.00  0  3.5 0 1
0.00  0  0 1 1
0.00  0.01  0 1 0
 5

// dolna_rama_F
-0.01  0.01  0 0 1
-0.01  0.01  3.5 0 0
0.00  0.01  3.5 1 0
 5

-0.01  0.01 0.01 0 1
0.00  0.01  0 1 1
0.00  0.01   3.5 1 0
 5
// **** GORA
// gorna_rama_B
-0.01  0.75   0 1
-0.01  0.76  0 0 0
-0.01  0.76  4.762 1 0
 5

-0.01  0.75  0 0 1
-0.01  0.75  4.762 1 1
-0.01  0.76  4.762 1 0
 5

// gorna_rama_D
0.001  0.75  4.762 0 1
0.001  0.76  4.762 0 0
0.001  0.76  0 1 0
 5

0.001  0.75  4.762 0 1
0.001  0.75  0 1 1
0.001  0.76  0 1 0
 5

// gorna_rama_F
-0.01  0.75  0 0 1
-0.01  0.75  4.762 0 0
0.00  0.75  4.762 1 0
 5

-0.01  0.75 0  0 1
0.00  0.75  0 1 1
0.00  0.75  4.762 1 0
 5

// gorna_rama_F
-0.01  0.76  0 0 1
-0.01  0.76  4.762 0 0
0.00  0.76  4.762 1 0
 5

-0.01  0.76 0  0 1
0.00  0.76  0 1 1
0.00  0.76  4.762 1 0
 5


// **** GORA WYZSZA!!
// gorna_rama2_B
-0.01  1.04   0 1
-0.01  1.05  0 0 0
-0.01  1.05  4.762 1 0
 5

-0.01  1.04   0 0 1
-0.01  1.04  4.762 1 1
-0.01  1.05  4.762 1 0
 5

// gorna_rama2_D
0  1.04   4.762 0 1
0  1.05  4.762 0 0
0  1.05  0 1 0
 5

0  1.04   4.762 0 1
0  1.04   0 1 1
0  1.05  0 1 0
 5

// gorna_rama2_F
-0.01  1.04   0 0 1
-0.01  1.04   4.762 0 0
0  1.04   4.762 1 0
 5

-0.01  1.04 0  0 1
0  1.04   0 1 1
0  1.04   4.762 1 0
 5

// gorna_rama2_E
-0.01  1.05  0 0 1
-0.01  1.05  4.762 0 0
0  1.05  4.762 1 0
 5

-0.01  1.05  0  0 1
0  1.05  0 1 1
0  1.05  4.762 1 0
 5


// ************* rama na koncu!
// rama_A
 0  0.0  4.762 0 1
 0  1.05  4.762 0 0
-0.01  1.05  4.762 1 0
 5

 0  0.0  4.762 0 1
-0.01  0.0  4.762 1 1
-0.01  1.05  4.762 1 0
 5

// rama_B
-0.01  0.0  4.762 0 1
-0.01  1.05  4.762 0 0
-0.01  1.05  4.772 1 0
 5

-0.01  0.0  4.762 0 1
-0.01  0.0  4.772 1 1
-0.01  1.05  4.772 1 0
 5


// rama_D
 0.001  0  4.772 0 1
 0.001  1.05  4.772 0 0
 0.001  1.05  4.762 1 0
 5

 0.001  0.0  4.772 0 1
 0.001  0.0  4.762 1 1
 0.001  1.05  4.762 1 0
 5

// ************* rama na w srodku
// rama_A
 0.001  0.0  3.49  0 1
 0.001  0.75  3.49  0 0
-0.01  0.75  3.49  1 0
 5

 0.001  0.0  3.49  0 1
-0.01  0.0  3.49  1 1
-0.01  0.75  3.49  1 0
 5

// rama_B
-0.01  0.0  3.49  0 1
-0.01  0.75  3.49  0 0
-0.01  0.75  3.50 1 0
 5

-0.01  0.0  3.49  0 1
-0.01  0.0  3.50 1 1
-0.01  0.75  3.50 1 0
 5


// rama_D
 0.001  0  3.50 0 1
 0.001  0.75  3.50 0 0
 0.001  0.75  3.49 1 0
 5

 0.001  0.0  3.50 0 1
 0.001  0.0  3.49 1 1
 0.001  0.75  3.49 1 0
 5

// ************* rama na w srodku2
// rama_A
 0.001  0.76  3.49  0 1
 0.001  1.04  3.49  0 0
-0.01  1.04  3.49  1 0
 5

 0.001  0.76  3.49  0 1
-0.01  0.76  3.49  1 1
-0.01  1.04  3.49  1 0
 5

// rama_B
-0.01  0.76  3.49  0 1
-0.01  1.04  3.49  0 0
-0.01  1.04  3.50 1 0
 5

-0.01  0.76  3.49  0 1
-0.01  0.76  3.50 1 1
-0.01  1.04  3.50 1 0
 5


// rama_D
 0.001  0.76  3.50 0 1
 0.001  1.04  3.50 0 0
 0.001  1.04  3.49 1 0
 5

 0.001  0.76  3.50 0 1
 0.001  0.76  3.49 1 1
 0.001  1.04  3.49 1 0
 5