NUMPOLLIES 8

// glowny chodnik
 -1.078  0  -3.5 -0.156 44
 -1.078  0  18.5 -0.156 0
 3  0  18.5 8 0
26
 3  0  18.5 8 0
 3  0  -3.5 8 44
 -1.078  0  -3.5 -0.156 44
26
// glowny chodnik - dodatkowy 1
 -1.078  0  17.867 0.734 1.27
 -1.445  0  18.5 0 0
 -1.078  0  18.5 0.734 0
26
// glowny chodnik - dodatkowy 2
 -1.078  0  13.85 0 0
 -4.55  0  15.85 4 8.034
 -1.078  0  17.867 8.034 0
26

// kraweznik
 3  0  -3.5 0 60
 3  0  18.5 0 0
 3.04  0  18.5 1 0
6
 3.04  0  18.5 1 0
 3.04  0  -3.5 1 60
 3  0  -3.5 0 60
6
// kraweznik2
 3.04  0  -3.5 0 60
 3.04  0  18.5 0 0
 3.04  -0.04  18.5 1 0
6
 3.04 -0.04  18.5 1 0
 3.04  -0.04  -3.5 1 60
 3.04  0  -3.5 0 60
6