NUMPOLLIES 112


//**************************** BLAT
// blat
 0.00  0.26  0.0 0 1
 0.00  0.26  0.15 0 0
 0.26  0.26  0.15 1 0
 7

 0.26  0.26  0.15 1 0
 0.26  0.26  0.0 1 1
 0.00  0.26  0.0 0 1
 7
// blat-spod
 0.26  0.252  0.15 1 0
 0.00  0.252  0.15 0 0
 0.00  0.252  0.0 0 1
 7
 0.00  0.252  0.0 0 1
 0.26  0.252  0.0 1 1
 0.26  0.252  0.15 1 0
 7
// obramowanie blatu
0.0  0.26  0.15 1 0
0.0  0.26  0.0 0 0
0.0  0.252  0.0 0 0.2
7
0.0  0.252  0.0 0 0.2
0.0  0.252  0.15 1 0.2
0.0  0.26  0.15 1 0
7
// obramowanie blatu2
0.26  0.252  0.0 0 0.2
0.26  0.26  0.0 0 0
0.26  0.26  0.15 1 0
7
0.26  0.26  0.15 1 0
0.26  0.252  0.15 1 0.2
0.26  0.252  0.0 0 0.2
7
// obramowanie3
 0.26 0.26  0.15 1 0
 0  0.26  0.15 0 0
 0  0.252  0.15 0 0.2
7
 0  0.252  0.15 0 0.2
 0.26 0.252 0.15 1 0.2
 0.26 0.26  0.15 1 0
7
// obramowanie4
 0  0.252  0.0 0 0.2
 0  0.26  0.0 0 0
 0.26 0.26  0.0 1 0
7
 0.26 0.26  0.0 1 0
 0.26 0.252 0.0 1 0.2
 0  0.252  0.0 0 0.2
7

// ******************* plyta z tylu biurka - pionowa
// plyta z tylu1
 0.005  0.08  0.136 0 1
 0.005  0.243  0.136 0 0
 0.245 0.243  0.136 1 0
7
 0.245 0.243  0.136 1 0
 0.245 0.08 0.136 1 1
 0.005  0.08  0.136 0 1
7

// plytu z tylu2
 0.245 0.243  0.144 1 0
 0.005  0.243  0.144 0 0
 0.005  0.08  0.144 0 1
7
 0.005  0.08  0.144 0 1
 0.245 0.08 0.144 1 1
 0.245 0.243  0.144 1 0
7
// plyta-spod
 0.245  0.08  0.144 1 0
 0.005  0.08  0.144 0 0
 0.005  0.08  0.136 0 1
 7
 0.005  0.08  0.136 0 1
 0.245  0.08  0.136 1 1
 0.245  0.08  0.144 1 0
 7
// plyta-top
 0.005  0.243  0.136 0 1
 0.005  0.243  0.144 0 0
 0.245  0.243  0.144 1 0
 7
 0.245  0.243  0.144 1 0
 0.245  0.243  0.136 1 1
 0.005  0.243  0.136 0 1
 7
// ****************************  nogi
// ************#1
// obramowanie nogi
0.005  0.252  0.015 1 0
0.005  0.252  0.005 0 0
0.005  0.00  0.005 0 0.2
9
0.005  0.00  0.005 0 0.2
0.005  0.00  0.015 1 0.2
0.005  0.252  0.015 1 0
9

// ************#2
// obramowanie nogi
0.005  0.252  0.145 1 0
0.005  0.252  0.135 0 0
0.005  0.00  0.135 0 0.2
9
0.005  0.00  0.135 0 0.2
0.005  0.00  0.145 1 0.2
0.005  0.252  0.145 1 0
9
// ************#3
// obramowanie nogi
0.245  0.252  0.015 1 0
0.245  0.252  0.005 0 0
0.245  0.00  0.005 0 0.2
9
0.245  0.00  0.005 0 0.2
0.245  0.00  0.015 1 0.2
0.245  0.252  0.015 1 0
9

// ************#4
// obramowanie nogi
0.245  0.252  0.145 1 0
0.245  0.252  0.135 0 0
0.245  0.00  0.135 0 0.2
9
0.245  0.00  0.135 0 0.2
0.245  0.00  0.145 1 0.2
0.245  0.252  0.145 1 0
9

// ********** druga czesc nog
// ************#1
// obramowanie nogi
0.015  0.00  0.005 0 0.2
0.015  0.252  0.005 0 0
0.015  0.252  0.015 1 0
9
0.015  0.252  0.015 1 0
0.015  0.00  0.015 1 0.2
0.015  0.00  0.005 0 0.2
9

// ************#2
// obramowanie nogi
0.015  0.00  0.135 0 0.2
0.015  0.252  0.135 0 0
0.015  0.252  0.145 1 0
9
0.015  0.252  0.145 1 0
0.015  0.00  0.145 1 0.2
0.015  0.00  0.135 0 0.2
9
// ************#3
// obramowanie nogi
0.255  0.00  0.005 0 0.2
0.255  0.252  0.005 0 0
0.255  0.252  0.015 1 0
9
0.255  0.252  0.015 1 0
0.255  0.00  0.015 1 0.2
0.255  0.00  0.005 0 0.2
9

// ************#4
// obramowanie nogi
0.255  0.00  0.135 0 0.2
0.255  0.252  0.135 0 0
0.255  0.252  0.145 1 0
9
0.255  0.252  0.145 1 0
0.255  0.00  0.145 1 0.2
0.255  0.00  0.135 0 0.2
9

// ********* 3 czesc nog
// obramowanie3
 0.005  0.0  0.005 0 0.2
 0.005  0.252  0.005 0 0
 0.015 0.252  0.005 1 0
9
 0.015 0.252  0.005 1 0
 0.015 0.0 0.005 1 0.2
 0.005  0.0  0.005 0 0.2
9
// obramowanie3
 0.005  0.0  0.135 0 0.2
 0.005  0.252  0.135 0 0
 0.015 0.252  0.135 1 0
9
 0.015 0.252  0.135 1 0
 0.015 0.0 0.135 1 0.2
 0.005  0.0  0.135 0 0.2
9
// obramowanie3
 0.245  0.0  0.005 0 0.2
 0.245  0.252  0.005 0 0
 0.255 0.252  0.005 1 0
9
 0.255 0.252  0.005 1 0
 0.255 0.0 0.005 1 0.2
 0.245  0.0  0.005 0 0.2
9
// obramowanie3
 0.245  0.0  0.135 0 0.2
 0.245  0.252  0.135 0 0
 0.255 0.252  0.135 1 0
9
 0.255 0.252  0.135 1 0
 0.255 0.0 0.135 1 0.2
 0.245  0.0  0.135 0 0.2
9
// ********* 4 czesc nog
// obramowanie4
 0.015 0.252  0.015 1 0
 0.005  0.252  0.015 0 0
 0.005  0.0  0.015 0 0.2
9
 0.005  0.0  0.015 0 0.2
 0.015 0.0 0.015 1 0.2
 0.015 0.252  0.015 1 0
9
// obramowanie4
 0.015 0.252  0.145 1 0
 0.005  0.252  0.145 0 0
 0.005  0.0  0.145 0 0.2
9
 0.005  0.0  0.145 0 0.2
 0.015 0.0 0.145 1 0.2
 0.015 0.252  0.145 1 0
9
// obramowanie4
 0.255 0.252  0.015 1 0
 0.245  0.252  0.015 0 0
 0.245  0.0  0.015 0 0.2
9
 0.245  0.0  0.015 0 0.2
 0.255 0.0 0.015 1 0.2
 0.255 0.252  0.015 1 0
9
// obramowanie4
 0.255 0.252  0.145 1 0
 0.245  0.252  0.145 0 0
 0.245  0.0  0.145 0 0.2
9
 0.245  0.0  0.145 0 0.2
 0.255 0.0 0.145 1 0.2
 0.255 0.252  0.145 1 0
9

// wsporniki-laczniki nog
// ************#1
// wspornik nogi
0.006  0.252  0.135 1 0
0.006  0.252  0.015 0 0
0.006  0.244 0.015 0 0.2
9
0.006  0.244 0.015 0 0.2
0.006  0.244 0.135 1 0.2
0.006  0.252  0.135 1 0
9
0.014  0.244 0.015 0 0.2
0.014  0.252  0.015 0 0
0.014  0.252  0.135 1 0
9
0.014  0.252  0.135 1 0
0.014  0.244 0.135 1 0.2
0.014  0.244 0.015 0 0.2
9
// ************#2
// wspornik nogi
0.246  0.252  0.135 1 0
0.246  0.252  0.015 0 0
0.246  0.244 0.015 0 0.2
9
0.246  0.244 0.015 0 0.2
0.246  0.244 0.135 1 0.2
0.246  0.252  0.135 1 0
9
0.254  0.244 0.015 0 0.2
0.254  0.252  0.015 0 0
0.254  0.252  0.135 1 0
9
0.254  0.252  0.135 1 0
0.254  0.244 0.135 1 0.2
0.254  0.244 0.015 0 0.2
9
// wsp3
 0.005  0.244  0.136 0 1
 0.005  0.252  0.136 0 0
 0.245 0.252  0.136 1 0
9
 0.245 0.252  0.136 1 0
 0.245 0.244 0.136 1 1
 0.005  0.244  0.136 0 1
9
// wsp3
 0.245 0.252  0.144 1 0
 0.005  0.252  0.144 0 0
 0.005  0.244  0.144 0 1
9
 0.005  0.244  0.144 0 1
 0.245 0.244 0.144 1 1
 0.245 0.252  0.144 1 0
9
// wsp3
 0.245  0.244  0.144 1 0
 0.005  0.244  0.144 0 0
 0.005  0.244  0.136 0 1
 9
 0.005  0.244  0.136 0 1
 0.245  0.244  0.136 1 1
 0.245  0.244  0.144 1 0
 9

// ********** koniec
// wsp4
 0.005  0.244  0.006 0 1
 0.005  0.252  0.006 0 0
 0.245 0.252  0.006 1 0
9
 0.245 0.252  0.006 1 0
 0.245 0.244 0.006 1 1
 0.005  0.244  0.006 0 1
9
// wsp4
 0.245 0.252  0.014 1 0
 0.005  0.252  0.014 0 0
 0.005  0.244  0.014 0 1
9
 0.005  0.244  0.014 0 1
 0.245 0.244 0.014 1 1
 0.245 0.252  0.014 1 0
9
// wsp4
 0.245  0.244  0.014 1 0
 0.005  0.244  0.014 0 0
 0.005  0.244  0.006 0 1
 9
 0.005  0.244  0.006 0 1
 0.245  0.244  0.006 1 1
 0.245  0.244  0.014 1 0
 9

// wsp4
 0.014  0.244  0.135 1 0
 0.006  0.244  0.135 0 0
 0.006  0.244  0.015 0 1
 9
 0.006  0.244  0.015 0 1
 0.014  0.244  0.015 1 1
 0.014  0.244  0.135 1 0
 9

// wsp4
 0.254  0.244  0.135 1 0
 0.246  0.244  0.135 0 0
 0.246  0.244  0.015 0 1
 9
 0.246  0.244  0.015 0 1
 0.254  0.244  0.015 1 1
 0.254  0.244  0.135 1 0
 9

// dodatki - szare spawy
// spawy
 0.015  0.21  0.1349 0 1
 0.015  0.22  0.1349 0 0
 0.03 0.22  0.1349 1 0
9
 0.03 0.22  0.1349 1 0
 0.03 0.21 0.1349 1 1
 0.015  0.21  0.1349 0 1
9
// spawy2
 0.23  0.21  0.1349 0 1
 0.23  0.22  0.1349 0 0
 0.245 0.22  0.1349 1 0
9
 0.245 0.22  0.1349 1 0
 0.245 0.21 0.1349 1 1
 0.23  0.21  0.1349 0 1
9

// spawy3
 0.015  0.1  0.1349 0 1
 0.015  0.11  0.1349 0 0
 0.03 0.11  0.1349 1 0
9
 0.03 0.11  0.1349 1 0
 0.03 0.1 0.1349 1 1
 0.015  0.1  0.1349 0 1
9
// spawy4
 0.23  0.1  0.1349 0 1
 0.23  0.11  0.1349 0 0
 0.245 0.11  0.1349 1 0
9
 0.245 0.11  0.1349 1 0
 0.245 0.1 0.1349 1 1
 0.23  0.1  0.1349 0 1
9

// **************************** polka na komputer
// blat
 0.021  0.06  0.015 0 1
 0.021  0.06  0.145 0 0
 0.06  0.06  0.145 1 0
 7

 0.06  0.06  0.145 1 0
 0.06  0.06  0.015 1 1
 0.021  0.06  0.015 0 1
 7
// blat-spod
 0.066  0.054  0.145 1 0
 0.015  0.054  0.145 0 0
 0.015  0.054  0.015 0 1
 7
 0.015  0.054  0.015 0 1
 0.066  0.054  0.015 1 1
 0.066  0.054  0.145 1 0
 7
// blat-top1
 0.06  0.08  0.015 0 1
 0.06  0.08  0.145 0 0
 0.066  0.08  0.145 1 0
 7

 0.066  0.08  0.145 1 0
 0.066  0.08  0.015 1 1
 0.06  0.08  0.015 0 1
 7
// blat-top2
 0.015  0.08  0.015 0 1
 0.015  0.08  0.145 0 0
 0.021  0.08  0.145 1 0
 7

 0.021  0.08  0.145 1 0
 0.021  0.08  0.015 1 1
 0.015  0.08  0.015 0 1
 7
// front drewno dol
// front_drewno1
 0.021  0.054  0.015 0 0.2
 0.021  0.06  0.015 0 0
 0.06 0.06  0.015 1 0
7
 0.06 0.06  0.015 1 0
 0.06 0.054 0.015 1 0.2
 0.021  0.054  0.015 0 0.2
7
// front_drewno2
 0.06  0.054  0.015 0 1
 0.06  0.08  0.015 0 0
 0.066 0.08  0.015 1 0
7
 0.066 0.08  0.015 1 0
 0.066 0.054 0.015 1 1
 0.06  0.054  0.015 0 1
7
// front_drewno3
 0.015  0.054  0.015 0 1
 0.015  0.08  0.015 0 0
 0.021 0.08  0.015 1 0
7
 0.021 0.08  0.015 1 0
 0.021 0.054 0.015 1 1
 0.015  0.054  0.015 0 1
7
// kopia - tyl
// front_drewno1
 0.06 0.06  0.145 1 0
 0.021  0.06  0.145 0 0
 0.021  0.054  0.145 0 0.2
7
 0.021  0.054  0.145 0 0.2
 0.06 0.054 0.145 1 0.2
 0.06 0.06  0.145 1 0
7
// front_drewno2
 0.066 0.08  0.145 1 0
 0.06  0.08  0.145 0 0
 0.06  0.054  0.145 0 1
7
 0.06  0.054  0.145 0 1
 0.066 0.054 0.145 1 1
 0.066 0.08  0.145 1 0
7
// front_drewno3
 0.021 0.08  0.145 1 0
 0.015  0.08  0.145 0 0
 0.015  0.054  0.145 0 1
7
 0.015  0.054  0.145 0 1
 0.021 0.054 0.145 1 1
 0.021 0.08  0.145 1 0
7
// obramowanie blatu1
0.015  0.08  0.145 1 0
0.015  0.08  0.015 0 0
0.015  0.054  0.015 0 0.5
7
0.015  0.054  0.015 0 0.5
0.015  0.054  0.145 1 0.5
0.015  0.08  0.145 1 0
7
// obramowanie blatu2
0.021  0.06  0.015 0 0.5
0.021  0.08  0.015 0 0
0.021  0.08  0.145 1 0
7
0.021  0.08  0.145 1 0
0.021  0.06  0.145 1 0.5
0.021  0.06  0.015 0 0.5
7
// obramowanie blatu3
0.066  0.054  0.015 0 0.5
0.066  0.08  0.015 0 0
0.066  0.08  0.145 1 0
7
0.066  0.08  0.145 1 0
0.066  0.054  0.145 1 0.5
0.066  0.054  0.015 0 0.5
7
// obramowanie blatu4
0.06  0.08  0.145 1 0
0.06  0.08  0.015 0 0
0.06  0.06  0.015 0 0.5
7
0.06  0.06  0.015 0 0.5
0.06  0.06  0.145 1 0.5
0.06  0.08  0.145 1 0
7