
NUMPOLLIES 124
// regal_pion #1
// regal_pion_A
 0  0  0 0 1
 0  0.55  0 0 0
 0.01  0.55  0 1 0
 9

 0.01  0.55  0 1 0
 0.01  0  0 1 1
 0  0  0 0 1
 9

// regal_pion_B
 0.01  0  0 0 1
 0.01  0.55  0 0 0
 0.01  0.55  0.12 1 0
 9

 0.01  0.55  0.12 1 0
 0.01  0  0.12 1 1
 0.01  0  0 0 1
 9

// regal_pion_C
 0.01  0  0.12 0 1
 0.01  0.55  0.12 0 0
 0  0.55  0.12 1 0
 9

 0  0.55  0.12 1 0
 0  0  0.12 1 1
 0.01  0  0.12 0 1
 9

// regal_pion_D
 0  0  0.12 0 1
 0  0.55  0.12 0 0
 0  0.55  0 1 0
 9

 0  0.55  0 1 0
 0  0  0 1 1
 0  0  0.12 0 1
 9

// regal_pion #2
// regal_pion_A
 0.225  0  0 0 1
 0.225  0.55  0 0 0
 0.235  0.55  0 1 0
 9

 0.235  0.55  0 1 0
 0.235  0  0 1 1
 0.225  0  0 0 1
 9

// regal_pion_B
 0.235  0  0 0 1
 0.235  0.55  0 0 0
 0.235  0.55  0.12 1 0
 9

 0.235  0.55  0.12 1 0
 0.235  0  0.12 1 1
 0.235  0  0 0 1
 9

// regal_pion_C
 0.235  0  0.12 0 1
 0.235  0.55  0.12 0 0
 0.225  0.55  0.12 1 0
 9

 0.225  0.55  0.12 1 0
 0.225  0  0.12 1 1
 0.235  0  0.12 0 1
 9

// regal_pion_D
 0.225  0  0.12 0 1
 0.225  0.55  0.12 0 0
 0.225  0.55  0 1 0
 9

 0.225  0.55  0 1 0
 0.225  0  0 1 1
 0.225  0  0.12 0 1
 9

// regal_pion #3
// regal_pion_A
 0.45  0  0 0 1
 0.45  0.55  0 0 0
 0.46  0.55  0 1 0
 9

 0.46  0.55  0 1 0
 0.46  0  0 1 1
 0.45  0  0 0 1
 9

// regal_pion_B
 0.46  0  0 0 1
 0.46  0.55  0 0 0
 0.46  0.55  0.12 1 0
 9

 0.46  0.55  0.12 1 0
 0.46  0  0.12 1 1
 0.46  0  0 0 1
 9

// regal_pion_C
 0.46  0  0.12 0 1
 0.46  0.55  0.12 0 0
 0.45  0.55  0.12 1 0
 9

 0.45  0.55  0.12 1 0
 0.45  0  0.12 1 1
 0.46  0  0.12 0 1
 9

// regal_pion_D
 0.45  0  0.12 0 1
 0.45  0.55  0.12 0 0
 0.45  0.55  0 1 0
 9

 0.45  0.55  0 1 0
 0.45  0  0 1 1
 0.45  0  0.12 0 1
 9

// regal_pion #4
// regal_pion_A
 0.675  0  0 0 1
 0.675  0.55  0 0 0
 0.685  0.55  0 1 0
 9

 0.685  0.55  0 1 0
 0.685  0  0 1 1
 0.675  0  0 0 1
 9

// regal_pion_B
 0.685  0  0 0 1
 0.685  0.55  0 0 0
 0.685  0.55  0.12 1 0
 9

 0.685  0.55  0.12 1 0
 0.685  0  0.12 1 1
 0.685  0  0 0 1
 9

// regal_pion_C
 0.685  0  0.12 0 1
 0.685  0.55  0.12 0 0
 0.675  0.55  0.12 1 0
 9

 0.675  0.55  0.12 1 0
 0.675  0  0.12 1 1
 0.685  0  0.12 0 1
 9

// regal_pion_D
 0.675  0  0.12 0 1
 0.675  0.55  0.12 0 0
 0.675  0.55  0 1 0
 9

 0.675  0.55  0 1 0
 0.675  0  0 1 1
 0.675  0  0.12 0 1
 9

// regal_pion #5
// regal_pion_A
 0.9  0  0 0 1
 0.9  0.55  0 0 0
 0.91  0.55  0 1 0
 9

 0.91  0.55  0 1 0
 0.91  0  0 1 1
 0.9  0  0 0 1
 9

// regal_pion_B
 0.91  0  0 0 1
 0.91  0.55  0 0 0
 0.91  0.55  0.12 1 0
 9

 0.91  0.55  0.12 1 0
 0.91  0  0.12 1 1
 0.91  0  0 0 1
 9

// regal_pion_C
 0.91  0  0.12 0 1
 0.91  0.55  0.12 0 0
 0.9  0.55  0.12 1 0
 9

 0.9  0.55  0.12 1 0
 0.9  0  0.12 1 1
 0.91  0  0.12 0 1
 9

// regal_pion_D
 0.9  0  0.12 0 1
 0.9  0.55  0.12 0 0
 0.9  0.55  0 1 0
 9

 0.9  0.55  0 1 0
 0.9  0  0 1 1
 0.9  0  0.12 0 1
 9

// regal_pion #6
// regal_pion_A
 1.125  0  0 0 1
 1.125  0.55  0 0 0
 1.135  0.55  0 1 0
 9

 1.135  0.55  0 1 0
 1.135  0  0 1 1
 1.125  0  0 0 1
 9

// regal_pion_B
 1.135  0  0 0 1
 1.135  0.55  0 0 0
 1.135  0.55  0.12 1 0
 9

 1.135  0.55  0.12 1 0
 1.135  0  0.12 1 1
 1.135  0  0 0 1
 9

// regal_pion_C
 1.135  0  0.12 0 1
 1.135  0.55  0.12 0 0
 1.125  0.55  0.12 1 0
 9

 1.125  0.55  0.12 1 0
 1.125  0  0.12 1 1
 1.135  0  0.12 0 1
 9

// regal_pion_D
 1.125  0  0.12 0 1
 1.125  0.55  0.12 0 0
 1.125  0.55  0 1 0
 9

 1.125  0.55  0 1 0
 1.125  0  0 1 1
 1.125  0  0.12 0 1
 9

// regal_pion #7
// regal_pion_A
 1.35  0  0 0 1
 1.35  0.55  0 0 0
 1.36  0.55  0 1 0
 9

 1.36  0.55  0 1 0
 1.36  0  0 1 1
 1.35  0  0 0 1
 9

// regal_pion_B
 1.36  0  0 0 1
 1.36  0.55  0 0 0
 1.36  0.55  0.12 1 0
 9

 1.36  0.55  0.12 1 0
 1.36  0  0.12 1 1
 1.36  0  0 0 1
 9

// regal_pion_C
 1.36  0  0.12 0 1
 1.36  0.55  0.12 0 0
 1.35  0.55  0.12 1 0
 9

 1.35  0.55  0.12 1 0
 1.35  0  0.12 1 1
 1.36  0  0.12 0 1
 9

// regal_pion_D
 1.35  0  0.12 0 1
 1.35  0.55  0.12 0 0
 1.35  0.55  0 1 0
 9

 1.35  0.55  0 1 0
 1.35  0  0 1 1
 1.35  0  0.12 0 1
 9

// regal_pion #8
// regal_pion_A
 1.575  0  0 0 1
 1.575  0.55  0 0 0
 1.585  0.55  0 1 0
 9

 1.585  0.55  0 1 0
 1.585  0  0 1 1
 1.575  0  0 0 1
 9

// regal_pion_B
 1.585  0  0 0 1
 1.585  0.55  0 0 0
 1.585  0.55  0.12 1 0
 9

 1.585  0.55  0.12 1 0
 1.585  0  0.12 1 1
 1.585  0  0 0 1
 9

// regal_pion_C
 1.585  0  0.12 0 1
 1.585  0.55  0.12 0 0
 1.575  0.55  0.12 1 0
 9

 1.575  0.55  0.12 1 0
 1.575  0  0.12 1 1
 1.585  0  0.12 0 1
 9

// regal_pion_D
 1.575  0  0.12 0 1
 1.575  0.55  0.12 0 0
 1.575  0.55  0 1 0
 9

 1.575  0.55  0 1 0
 1.575  0  0 1 1
 1.575  0  0.12 0 1
 9

// regal_pion #9
// regal_pion_A
 1.8  0  0 0 1
 1.8  0.55  0 0 0
 1.81  0.55  0 1 0
 9

 1.81  0.55  0 1 0
 1.81  0  0 1 1
 1.8  0  0 0 1
 9

// regal_pion_B
 1.81  0  0 0 1
 1.81  0.55  0 0 0
 1.81  0.55  0.12 1 0
 9

 1.81  0.55  0.12 1 0
 1.81  0  0.12 1 1
 1.81  0  0 0 1
 9

// regal_pion_C
 1.81  0  0.12 0 1
 1.81  0.55  0.12 0 0
 1.8  0.55  0.12 1 0
 9

 1.8  0.55  0.12 1 0
 1.8  0  0.12 1 1
 1.81  0  0.12 0 1
 9

// regal_pion_D
 1.8  0  0.12 0 1
 1.8  0.55  0.12 0 0
 1.8  0.55  0 1 0
 9

 1.8  0.55  0 1 0
 1.8  0  0 1 1
 1.8  0  0.12 0 1
 9

// regal_polka #1
// regal_polka_A
 0  0  0 0 1
 0  0.01  0 0 0
 1.8 0.01  0 1 0
 9

 1.8 0.01  0 1 0
 1.8 0  0 1 1
 0  0  0 0 1
 9


// regal_polka_C
 1.8 0  0.12 0 1
 1.8 0.01  0.12 0 0
 0  0.01  0.12 1 0
 9

 0  0.01  0.12 1 0
 0  0  0.12 1 1
 1.8 0  0.12 0 1
 9


// regal_polka_E
 0  0  0.12 0 1
 0  0  0 0 0
 1.8 0  0 1 0
 9

 1.8 0  0 1 0
 1.8 0  0.12 1 1
 0  0  0.12 0 1
 9

// regal_polka_F
 0  0.01  0 0 1
 0  0.01  0.12 0 0
 1.8 0.01  0.12 1 0
 9

 1.8 0.01  0.12 1 0
 1.8 0.01  0 1 1
 0  0.01  0 0 1
 9

// regal_polka #2
// regal_polka_A
 0  0.11  0 0 1
 0  0.12  0 0 0
 1.8 0.12  0 1 0
 9

 1.8 0.12  0 1 0
 1.8 0.11  0 1 1
 0  0.11  0 0 1
 9

// regal_polka_C
 1.8 0.11  0.12 0 1
 1.8 0.12  0.12 0 0
 0  0.12  0.12 1 0
 9

 0  0.12  0.12 1 0
 0  0.11  0.12 1 1
 1.8 0.11  0.12 0 1
 9
// regal_polka_E
 0  0.11  0.12 0 1
 0  0.11  0 0 0
 1.8 0.11  0 1 0
 9

 1.8 0.11  0 1 0
 1.8 0.11  0.12 1 1
 0  0.11  0.12 0 1
 9

// regal_polka_F
 0  0.12  0 0 1
 0  0.12  0.12 0 0
 1.8 0.12  0.12 1 0
 9

 1.8 0.12  0.12 1 0
 1.8 0.12  0 1 1
 0  0.12  0 0 1
 9

// regal_polka #3
// regal_polka_A
 0  0.22  0 0 1
 0  0.23  0 0 0
 1.8 0.23  0 1 0
 9

 1.8 0.23  0 1 0
 1.8 0.22  0 1 1
 0  0.22  0 0 1
 9

// regal_polka_C
 1.8 0.22  0.12 0 1
 1.8 0.23  0.12 0 0
 0  0.23  0.12 1 0
 9

 0  0.23  0.12 1 0
 0  0.22  0.12 1 1
 1.8 0.22  0.12 0 1
 9

// regal_polka_E
 0  0.22  0.12 0 1
 0  0.22  0 0 0
 1.8 0.22  0 1 0
 9

 1.8 0.22  0 1 0
 1.8 0.22  0.12 1 1
 0  0.22  0.12 0 1
 9

// regal_polka_F
 0  0.23  0 0 1
 0  0.23  0.12 0 0
 1.8 0.23  0.12 1 0
 9

 1.8 0.23  0.12 1 0
 1.8 0.23  0 1 1
 0  0.23  0 0 1
 9

// regal_polka #4
// regal_polka_A
 0  0.33  0 0 1
 0  0.34  0 0 0
 1.8 0.34  0 1 0
 9

 1.8 0.34  0 1 0
 1.8 0.33  0 1 1
 0  0.33  0 0 1
 9

// regal_polka_C
 1.8 0.33  0.12 0 1
 1.8 0.34  0.12 0 0
 0  0.34  0.12 1 0
 9

 0  0.34  0.12 1 0
 0  0.33  0.12 1 1
 1.8 0.33  0.12 0 1
 9

// regal_polka_E
 0  0.33  0.12 0 1
 0  0.33  0 0 0
 1.8 0.33  0 1 0
 9

 1.8 0.33  0 1 0
 1.8 0.33  0.12 1 1
 0  0.33  0.12 0 1
 9

// regal_polka_F
 0  0.34  0 0 1
 0  0.34  0.12 0 0
 1.8 0.34  0.12 1 0
 9

 1.8 0.34  0.12 1 0
 1.8 0.34  0 1 1
 0  0.34  0 0 1
 9

// regal_polka #5
// regal_polka_A
 0  0.44  0 0 1
 0  0.45  0 0 0
 1.8 0.45  0 1 0
 9

 1.8 0.45  0 1 0
 1.8 0.44  0 1 1
 0  0.44  0 0 1
 9

// regal_polka_C
 1.8 0.44  0.12 0 1
 1.8 0.45  0.12 0 0
 0  0.45  0.12 1 0
 9

 0  0.45  0.12 1 0
 0  0.44  0.12 1 1
 1.8 0.44  0.12 0 1
 9

// regal_polka_E
 0  0.44  0.12 0 1
 0  0.44  0 0 0
 1.8 0.44  0 1 0
 9

 1.8 0.44  0 1 0
 1.8 0.44  0.12 1 1
 0  0.44  0.12 0 1
 9

// regal_polka_F
 0  0.45  0 0 1
 0  0.45  0.12 0 0
 1.8 0.45  0.12 1 0
 9

 1.8 0.45  0.12 1 0
 1.8 0.45  0 1 1
 0  0.45  0 0 1
 9

// regal_polka #6
// regal_polka_A
 0  0.55  0 0 1
 0  0.56  0 0 0
 1.81 0.56  0 1 0
 9

 1.81 0.56  0 1 0
 1.81 0.55  0 1 1
 0  0.55  0 0 1
 9

// regal_polka_B
 1.81 0.55  0 0 1
 1.81 0.56  0 0 0
 1.81 0.56  0.12 1 0
 9

 1.81 0.56  0.12 1 0
 1.81 0.55  0.12 1 1
 1.81 0.55  0 0 1
 9

// regal_polka_C
 1.81 0.55  0.12 0 1
 1.81 0.56  0.12 0 0
 0  0.56  0.12 1 0
 9

 0  0.56  0.12 1 0
 0  0.55  0.12 1 1
 1.81 0.55  0.12 0 1
 9

// regal_polka_D
 0  0.55  0.12 0 1
 0  0.56  0.12 0 0
 0  0.56  0 1 0
 9

 0  0.56  0 1 0
 0  0.55  0 1 1
 0  0.55  0.12 0 1
 9

// regal_polka_E
 0  0.55  0.12 0 1
 0  0.55  0 0 0
 1.81 0.55  0 1 0
 9

 1.81 0.55  0 1 0
 1.81 0.55  0.12 1 1
 0  0.55  0.12 0 1
 9

// regal_polka_F
 0  0.56  0 0 1
 0  0.56  0.12 0 0
 1.81 0.56  0.12 1 0
 9

 1.81 0.56  0.12 1 0
 1.81 0.56  0 1 1
 0  0.56  0 0 1
 9


// lacznie trojkatow : 72
