
NUMPOLLIES 26

// skrzynka_szara_A
 0.005  0.005  0 0 1
 0.005  0.365  0 0 0
 0.255  0.365  0 1 0
 9

 0.255  0.365  0 1 0
 0.255  0.005  0 1 1
 0.005  0.005  0 0 1
 9

// skrzynka_szara_B
 0.26  0  0 0 1
 0.26  0.37  0 0 0
 0.26  0.37  0.07 1 0
 9

 0.26  0.37  0.07 1 0
 0.26  0  0.07 1 1
 0.26  0  0 0 1
 9

// skrzynka_szara_D
 0  0  0.07 0 1
 0  0.37  0.07 0 0
 0  0.37  0 1 0
 9

 0  0.37  0 1 0
 0  0  0 1 1
 0  0  0.07 0 1
 9

// skrzynka_szara_E
 0  0  0.07 0 1
 0  0  0 0 0
 0.26  0  0 1 0
 9

 0.26  0  0 1 0
 0.26  0  0.07 1 1
 0  0  0.07 0 1
 9

// skrzynka_szara_F
 0  0.37  0 0 1
 0  0.37  0.07 0 0
 0.26  0.37  0.07 1 0
 9

 0.26  0.37  0.07 1 0
 0.26  0.37  0 1 1
 0  0.37  0 0 1
 9

// dodatkowe paski skrzynki
// pasek 1
 0  0.004  0 0 1
 0  0.366  0 0 0
 0.004  0.366  0 1 0
 9
 0.004  0.366  0 1 0
 0.004  0.004  0 1 1
 0  0.004  0 0 1
 9
// pasek 2
 0.256  0.004  0 0 1
 0.256  0.366  0 0 0
 0.26  0.366  0 1 0
 9
 0.26  0.366  0 1 0
 0.26  0.004  0 1 1
 0.256  0.004  0 0 1
 9
// pasek 3
 0.0  0.366  0 0 1
 0.0  0.37  0 0 0
 0.26  0.37  0 1 0
 9
 0.26  0.37  0 1 0
 0.26  0.366  0 1 1
 0.0  0.366  0 0 1
 9
// pasek 4
 0.0  0.0  0 0 1
 0.0  0.004  0 0 0
 0.26  0.004  0 1 0
 9
 0.26  0.004  0 1 0
 0.26  0.0  0 1 1
 0.0  0.0  0 0 1
 9
// dodatkowe czarne! paski skrzynki
// pasek 1
 0.004  0.004  0 0 1
 0.004  0.366  0 0 0
 0.005  0.366  0 1 0
 5
 0.005  0.366  0 1 0
 0.005  0.004  0 1 1
 0.004  0.004  0 0 1
 5
// pasek 2
 0.255  0.004  0 0 1
 0.255  0.366  0 0 0
 0.256  0.366  0 1 0
 5
 0.256  0.366  0 1 0
 0.256  0.004  0 1 1
 0.255  0.004  0 0 1
 5
// pasek 3
 0.005  0.365  0 0 1
 0.005  0.366  0 0 0
 0.255  0.366  0 1 0
 5
 0.255  0.366  0 1 0
 0.255  0.365  0 1 1
 0.005  0.365  0 0 1
5
// pasek 4
 0.005  0.004  0 0 1
 0.005  0.005  0 0 0
 0.255  0.005  0 1 0
5
 0.255  0.005  0 1 0
 0.255  0.004  0 1 1
 0.005  0.004  0 0 1
5

// lacznie trojkatow : 10
