
NUMMODELS 5
NUMINSTANCES 53

// modele
#0 - data/models/architektura/szatnia_budowa.txt budowa_szatni
#1 - data/models/drzwi_okna/drzwi_toalety1.txt drzwi_toalety
#2 - data/models/sprzet/biurko_biblioteka.txt biurko_w_bibliotece
#3 - data/models/sprzet/drewniany_przedzial_biblioteka.txt drewniany_przedzial_biblioteka
#4 - data/models/sprzet/regal_biblioteka.txt drewniany_przedzial_biblioteka

#0 - 0, (0, 0, 0), (1, 1, 1), (0, 0, 0), 1, n
#1 - 1, (-5.6, 0.57, 2.85), (1, 1, 1), (0, 0, 0), 1, n

#2 - 2, (-1.394, 0.57, 2.05), (1, 1, 1), (0, 0, 0), 1, n
#3 - 2, (-1.132, 0.57, 2.05), (1, 1, 1), (0, 0, 0), 1, n
#4 - 2, (-0.87 0.57, 2.05), (1, 1, 1), (0, 0, 0), 1, n

#5 - 2, (-1.394, 0.57, 1.65), (1, 1, 1), (0, 0, 0), 1, n
#6 - 2, (-1.132, 0.57, 1.65), (1, 1, 1), (0, 0, 0), 1, n
#7 - 2, (-0.87 0.57, 1.65), (1, 1, 1), (0, 0, 0), 1, n

#8 - 2, (-1.394, 0.57, 1.25), (1, 1, 1), (0, 0, 0), 1, n
#9 - 2, (-1.132, 0.57, 1.25), (1, 1, 1), (0, 0, 0), 1, n
#10 - 2, (-0.87 0.57, 1.25), (1, 1, 1), (0, 0, 0), 1, n

#11 - 2, (-1.394, 0.57, 0.85), (1, 1, 1), (0, 0, 0), 1, n
#12 - 2, (-1.132, 0.57, 0.85), (1, 1, 1), (0, 0, 0), 1, n
#13 - 2, (-0.87 0.57, 0.85), (1, 1, 1), (0, 0, 0), 1, n

#14 - 2, (-1.394, 0.57, 0.45), (1, 1, 1), (0, 0, 0), 1, n
#15 - 2, (-1.132, 0.57, 0.45), (1, 1, 1), (0, 0, 0), 1, n
#16 - 2, (-0.87 0.57, 0.45), (1, 1, 1), (0, 0, 0), 1, n

#17 - 2, (-0.15, 0.57, -1.2), (1, 1, 1), (0, 90, 0), 1, n
#18 - 2, (0.112, 0.57, -1.2), (1, 1, 1), (0, 90, 0), 1, n
#19 - 2, (0.374, 0.57, -1.2), (1, 1, 1), (0, 90, 0), 1, n
#20 - 2, (0.636, 0.57, -1.2), (1, 1, 1), (0, 90, 0), 1, n
#21 - 2, (0.898, 0.57, -1.2), (1, 1, 1), (0, 90, 0), 1, n

#22 - 2, (-1.394, 0.57, -1.55), (1, 1, 1), (0, 0, 0), 1, n
#23 - 2, (-1.132, 0.57, -1.55), (1, 1, 1), (0, 0, 0), 1, n
#24 - 2, (-0.87 0.57, -1.55), (1, 1, 1), (0, 0, 0), 1, n

#25 - 2, (-1.394, 0.57, -1.95), (1, 1, 1), (0, 0, 0), 1, n
#26 - 2, (-1.132, 0.57, -1.95), (1, 1, 1), (0, 0, 0), 1, n
#27 - 2, (-0.87 0.57, -1.95), (1, 1, 1), (0, 0, 0), 1, n

#28 - 2, (-1.394, 0.57, -2.35), (1, 1, 1), (0, 0, 0), 1, n
#29 - 2, (-1.132, 0.57, -2.35), (1, 1, 1), (0, 0, 0), 1, n
#30 - 2, (-0.87 0.57, -2.35), (1, 1, 1), (0, 0, 0), 1, n

#31 - 3, (-2.3 0.57, -2.35), (1, 1, 1), (0, 0, 0), 1, n

#32 - 2, (-1.158, 0.57, 0.899), (1, 1, 1), (0, -90, 0), 1, n
#33 - 2, (-0.896, 0.57, 0.899), (1, 1, 1), (0, -90, 0), 1, n
#34 - 2, (-0.634, 0.57, 0.899), (1, 1, 1), (0, -90, 0), 1, n
#35 - 2, (-0.372, 0.57, 0.899), (1, 1, 1), (0, -90, 0), 1, n
#36 - 2, (-0.110, 0.57, 0.899), (1, 1, 1), (0, -90, 0), 1, n

#37 - 2, (-2.258, 0.57, -0.55), (1, 1, 1), (0, 0, 0), 1, n
#38 - 2, (-2.258, 0.57, -0.95), (1, 1, 1), (0, 0, 0), 1, n
#39 - 2, (-2.258, 0.57, -1.35), (1, 1, 1), (0, 0, 0), 1, n
#40 - 2, (-2.258, 0.57, -1.75), (1, 1, 1), (0, 0, 0), 1, n
#41 - 2, (-2.258, 0.57, -2.15), (1, 1, 1), (0, 0, 0), 1, n

#42 - 2, (-1.047, 0.57, -2.72), (1, 1, 1), (0, 90, 0), 1, n
#43 - 2, (-0.785, 0.57, -2.72), (1, 1, 1), (0, 90, 0), 1, n

#44 - 2, (-1.047, 0.57, -3.12), (1, 1, 1), (0, 90, 0), 1, n
#45 - 2, (-0.785, 0.57, -3.12), (1, 1, 1), (0, 90, 0), 1, n

#46 - 2, (-1.047, 0.57, -3.52), (1, 1, 1), (0, 90, 0), 1, n
#47 - 2, (-0.785, 0.57, -3.52), (1, 1, 1), (0, 90, 0), 1, n

#48 - 2, (-1.047, 0.57, -3.92), (1, 1, 1), (0, 90, 0), 1, n
#49 - 2, (-0.785, 0.57, -3.92), (1, 1, 1), (0, 90, 0), 1, n

#50 - 2, (-1.047, 0.57, -4.32), (1, 1, 1), (0, 90, 0), 1, n
#51 - 2, (-0.785, 0.57, -4.32), (1, 1, 1), (0, 90, 0), 1, n

#52 - 4, (-2.478, 0.57, -3.165), (1, 1, 1), (0, 0, 0), 1, n