
NUMPOLLIES 12

// ********************* model schodka!

// schodek3_A
 0  0  1 0 0.54
 0  0.054 1 0 0
 1  0.054 1 10 0
 1

 0  0  1 0 0.44
 1  0  1 10 0.44
 1  0.054 1 10 0
 1

// schodek3_wystep_A
 0  0.054 0.98 0 0.5
 0  0.06    0.98 0 0
 1  0.06    0.98 10 0
 1

 0  0.054 0.98 0 0.5
 1  0.054 0.98 10 0.5
 1  0.06 0.98 10 0
 1


// schodek1A
 0  0.06 1 0 0.2
 0  0.06 0.98 0 0
 1  0.06 0.98 10 0
 1

 0  0.06 1 0 0.2
 1  0.06 1 10 0.2
 1  0.06 0.98 10 0
 1
// schodek1A
 0  0.054 1 0 0.2
 0  0.054 0.98 0 0
 1  0.054 0.98 10 0
 1

 0  0.054 1 0 0.2
 1  0.054 1 10 0.2
 1  0.054 0.98 10 0
 1


// scianka_schodka_wieksza
 0.001  0  1.15 0 0.54
 0.001  0.054  1.15 0 0
 0.001  0.054  1 0.65 0
 1

 0.001  0  1.15 0 0.54
 0.001  0  1 0.65 0.54
 0.001  0.054  1 0.65 0
 1

// scianka_schodka_mniejsza
 0.001  0.054  1.15 0.5 0
 0.001  0.06  1.15 0.5 0.06
 0.001  0.06  0.98 0.5 0.06
 1

 0.001  0.054  1.15 0.5 0
 0.001  0.054  0.98 0.5 0
 0.001  0.06  0.98 0.5 0.06
 1