
NUMPOLLIES 30

// szare_dookola_A
 0  0  0 0 1
 0  0.3  0 0 0
 0.06  0.3  0 1 0
 9

 0  0  0 0 1
 0.06  0  0 1 1
 0.06  0.3  0 1 0
 9

// szare_dookola_C
 0.06  0  0.317 0 1
 0.06  0.3  0.317 0 0
 0  0.3  0.317 1 0
 9

 0.06  0  0.317 0 1
 0  0  0.317 1 1
 0  0.3  0.317 1 0
 9

// szare_dookola_E
 0  0  0.317 0 1
 0  0  0 0 0
 0.06  0  0 1 0
 9

 0  0  0.317 0 1
 0.06  0  0.317 1 1
 0.06  0  0 1 0
 9

// szare_dookola_F
 0  0.3  0 0 1
 0  0.3  0.317 0 0
 0.06  0.3  0.317 1 0
 9

 0  0.3  0 0 1
 0.06  0.3  0 1 1
 0.06  0.3  0.317 1 0
 9

// **************** "SKRZELA" filtrow

// skrzela #1

 0.06 0.003 0 		0 1
 0.06 0.003 0.317		0 0
 0 0.02727 0.317	1 0
9

 0.06 0.003 0 		0 1
 0 0.02727 0		1 1
 0 0.02727 0.317	1 0
9

// skrzela #2

 0.06 0.02727 0 		0 1
 0.06 0.02727 0.317		0 0
 0 0.05454 0.317	1 0
9

 0.06 0.02727 0 		0 1
 0 0.05454 0		1 1
 0 0.05454 0.317	1 0
9

// skrzela #3

 0.06 0.05454 0 		0 1
 0.06 0.05454 0.317		0 0
 0 0.08181 0.317	1 0
9

 0.06 0.05454 0 		0 1
 0 0.08181 0		1 1
 0 0.08181 0.317	1 0
9


// skrzela #4

 0.06 0.08181 0 		0 1
 0.06 0.08181 0.317		0 0
 0 0.10908 0.317	1 0
9

 0.06 0.08181 0 		0 1
 0 0.10908 0		1 1
 0 0.10908 0.317	1 0
9

// skrzela #5

 0.06 0.10908 0 		0 1
 0.06 0.10908 0.317		0 0
 0 0.13635 0.317	1 0
9

 0.06 0.10908 0 		0 1
 0 0.13635 0		1 1
 0 0.13635 0.317	1 0
9


// skrzela #6

 0.06 0.13635 0 		0 1
 0.06 0.13635 0.317		0 0
 0 0.16362 0.317	1 0
9

 0.06 0.13635 0 		0 1
 0 0.16362 0		1 1
 0 0.16362 0.317	1 0
9

// skrzela #7

 0.06 0.16362 0 		0 1
 0.06 0.16362 0.317		0 0
 0 0.19089 0.317	1 0
9

 0.06 0.16362 0 		0 1
 0 0.19089 0		1 1
 0 0.19089 0.317	1 0
9

// skrzela #8

 0.06 0.19089 0 		0 1
 0.06 0.19089 0.317		0 0
 0 0.21816 0.317	1 0
9

 0.06 0.19089 0 		0 1
 0 0.21816 0		1 1
 0 0.21816 0.317	1 0
9

// skrzela #9

 0.06 0.21816 0 		0 1
 0.06 0.21816 0.317		0 0
 0 0.24543 0.317	1 0
9

 0.06 0.21816 0 		0 1
 0 0.24543 0		1 1
 0 0.24543 0.317	1 0
9


// skrzela #10

 0.06 0.24543  0 		0 1
 0.06 0.24543  0.317		0 0
 0 0.2727 0.317	1 0
9

 0.06 0.24543  0 		0 1
 0 0.2727 0		1 1
 0 0.2727 0.317	1 0
9

// skrzela #11

 0.06 0.2727  0 		0 1
 0.06 0.2727  0.317		0 0
 0 0.29997 0.317	1 0
9

 0.06 0.2727  0 		0 1
 0 0.29997 0		1 1
 0 0.29997 0.317	1 0
9
// lacznie trojkatow : 8
