
NUMPOLLIES 112

// **************** POCZATEK SCHODOW

// podejscieL1
 0  0  0 0 10
 0  0.15  1 0 0
 0.3  0.15  1 3 0
 1

 0  0  0 0 10
 0.3  0  0 3 10
 0.3  0.15  1 3 0
 1

// polpoziomL
 0  0.15  1 0 2
 0  0.15  1.25 0 -0.5
 1.3  0.15  1.25 13 -0.5
 1

 0  0.15  1 0 2
 1.3  0.15  1 13 2
 1.3  0.15  1.25 13 -0.5
 1

// podejscieL2
 0  0.15  1.25 0 15
 0  0.39  2.75 0 0
 0.3  0.39  2.75 3 0
 1

 0  0.15  1.25 0 15
 0.3  0.15  1.25 3 15
 0.3  0.39  2.75  3 0
 1

// polpoziom2L
 0.3  0.15  1.25 0 2.5
 0.3  0.15  1.5 0 0
 1.3  0.15  1.5 10 0
 1

 0.3  0.15  1.25 0 2.5
 1.3  0.15  1.25 10 2.5
 1.3  0.15  1.5 10 0
 1


// poziom1L
-0.5  0.39  2.75  0 3.5
-0.5  0.39  3.125 0 0
 1.3  0.39  3.125 18 0
 1

-0.5  0.39  2.75  0 3.5
 1.3  0.39  2.75  18 3.5
 1.3  0.39  3.125 18 0
 1

// **************** SCIANY

// podejscieL_scianka1

 0  0  1 10 0
 0  0  0 0 0
 0  0.15  1 10 1.5
 1


// podejscieL_scianka3
 0  0  2.75 0.5 0
 0  0.15  2.75 0.5 1.5
 0  0.15  1 17 1.5
 1

 0  0  2.75 0.5 0
 0  0  1 17 0
 0  0.15  1 17 1.5
 1


// podejscieL_scianka4

 0  0.15  2.75  15.5 1.5
 0  0.15  1.25 1.38 1.5
 0  0.39  2.75  15.5 -0.9
 1



// scianka_przyETI_1
 -0.5  0  2.75  0 0
 0  0  2.75  0 5
 0  0.39  2.75  3.9 5
 1

 -0.5  0  2.75  0 0
 -0.5  0.39  2.75  3.9 0
 0  0.39  2.75  3.9 5
 1


// ********************** SCIANY 2 - przesuniete!

// podejscieL_scianka1

 0.3  0  1 10 0
 0.3   0  0 0 0
 0.3    0.15  1 10 1.5
 1

// podejscieL_scianka4

 0.3  0.15  2.75  15.5 1.5
 0.3  0.15  1.25 1.38 1.5
 0.3  0.39  2.75  15.5 -0.9
 1



// ************************* SCHODY - main

// schodek1_A
 0.3  0  0.7 0 0.6
 0.3  0.05  0.7 0 0
 1.6  0.05  0.7 13 0
 1

 0.3  0  0.7 0 0.6
 1.6  0  0.7 13 0.6
 1.6  0.05  0.7 13 0
 1

// schodek1_B
 1.6  0  0.7 0 0.6
 1.6  0.05  0.7 0 0
 1.6  0.05  1.5 8 0
 1

 1.6  0  0.7 0 0.6
 1.6  0  1.5 8 0.6
 1.6  0.05  1.5 8 0
 1

// schodek2_A
 0.3  0.056  0.85 0 0.5
 0.3  0.106  0.85 0 0
 1.45  0.106  0.85 11.5 0
 1

 0.3  0.056  0.85 0 0.5
 1.45  0.056  0.85 11.5 0.5
 1.45  0.106  0.85 11.5 0
 1

// schodek2_B
 1.45  0.056  0.85 0 0.5
 1.45  0.106  0.85 0 0
 1.45  0.106  1.5 6.5 0
 1

 1.45  0.056  0.85 0 0.5
 1.45  0.056  1.5 6.5 0.5
 1.45  0.106  1.5 6.5 0
 1

// schodek3_A
 0.3  0.112  1 0 0.5
 0.3  0.15 1 0 0
 1.3  0.15 1 10 0
 1

 0.3  0.112  1 0 0.5
 1.3  0.112  1 10 0.5
 1.3  0.15 1 10 0
 1

// schodek3_B
 1.3  0.112  1 0 0.5
 1.3  0.15 1 0 0
 1.3  0.15 1.5 5 0
 1

 1.3  0.112  1 0 0.5
 1.3  0.112  1.5 5 0.5
 1.3  0.15 1.5 5 0
 1

// ******************* SCHODY - WYSTEPY

// schod1_wystep_A
 0.3  0.05  0.68 0 0.5
 0.3  0.056  0.68 0 0
 1.62  0.056  0.68 13.2 0
 1

 0.3  0.05  0.68 0 0.5
 1.62  0.05  0.68 13.2 0.5
 1.62  0.056  0.68 13.2 0
 1

// schod1_wystep_B
 1.62  0.05  0.68 0 0.5
 1.62  0.056  0.68 0 0
 1.62  0.056  1.5 8.2 0
 1

 1.62  0.05  0.68 0 0.5
 1.62  0.05  1.5 8.2 0.5
 1.62  0.056  1.5 8.2 0
 1

// schode2_wystep_A
 0.3  0.106  0.83 0 0.5
 0.3  0.112  0.83 0 0
 1.47  0.112  0.83 11.7 0
 1

 0.3  0.106  0.83 0 0.5
 1.47  0.106  0.83 11.7 0.5
 1.47  0.112  0.83 11.7 0
 1

// schode2_wystep_B
 1.47  0.106  0.83 0 0.5
 1.47  0.112  0.83 0 0
 1.47  0.112  1.5 6.17 0
 1

 1.47  0.106  0.83 0 0.5
 1.47  0.106  1.5 6.17 0.5
 1.47  0.112  1.5 6.17 0
 1

// schodek3_wystep_A
 0.3  0.144  0.98 0 0.5
 0.3  0.15    0.98 0 0
 1.32  0.15    0.98 10.2 0
 1

 0.3  0.144  0.98 0 0.5
 1.32  0.144  0.98 10.2 0.5
 1.32  0.15    0.98 10.2 0
 1

// schodek3_wystep_B
 1.32  0.144  0.98 0 0.5
 1.32  0.15  0.98 0 0
 1.32  0.15  1.5 5.02 0
 1

 1.32  0.144  0.98 0 0.5
 1.32  0.144  1.5 5.02 0.5
 1.32  0.15    1.5 5.02 0
 1


//**************** SCHODEK 1 FINISZ

// schodek1A
 0.3  0.05  0.7 0 0.2
 0.3  0.05  0.68 0 0
 1.62  0.05  0.68 13.2 0
 1

 0.3  0.05  0.7 0 0.2
 1.62  0.05  0.7 13.2 0.2
 1.62  0.05  0.68 13.2 0
 1

// schodek1B
 0.3  0.056  0.85 0 1.52
 0.3  0.056  0.68 0 0
 1.62  0.056  0.68 13.2 0
 1

 0.3  0.056  0.85 0 1.52
 1.62  0.056  0.85 13.2 1.52
 1.62  0.056  0.68 13.2 0
 1

// schodek1C
 1.6  0.05  0.7 0 0.2
 1.62  0.05  0.7 0 0
 1.62  0.05  1.5 8 0
 1

 1.6  0.05  0.7 0 0.2
 1.6  0.05  1.5 8 0.2
 1.62  0.05  1.5 8 0
 1

// schodek1D
 1.62  0.056  0.85 0 1.52
 1.45  0.056  0.85 0 0
 1.45  0.056  1.5 6.5 0
 1

 1.62  0.056  0.85 0 1.52
 1.62  0.056  1.5 6.5 1.52
 1.45  0.056  1.5 6.5 0
 1

//**************** SCHODEK 2 FINISZ

// schodek1A
 0.3  0.106  0.85 0 0.2
 0.3  0.106  0.83 0 0
 1.47  0.106  0.83 11.7 0
 1

 0.3  0.106  0.85 0 0.2
 1.47  0.106  0.85 11.7 0.2
 1.47  0.106  0.83 11.7 0
 1

// schodek1B
 0.3  0.112  1 0 1.52
 0.3  0.112  0.83 0 0
 1.47  0.112  0.83 11.7 0
 1

 0.3  0.112  1 0 1.52
 1.47  0.112  1 11.7 1.52
 1.47  0.112  0.83 11.7 0
 1

// schodek1C
 1.45  0.106  0.85 0 0.2
 1.47  0.106  0.85 0 0
 1.47  0.106  1.5 8 0
 1

 1.45  0.106  0.85 0 0.2
 1.45  0.106  1.5 8 0.2
 1.47  0.106  1.5 8 0
 1

// schodek1D
 1.47  0.112  1 0 1.52
 1.3  0.112  1 0 0
 1.3  0.112  1.5 5 0
 1

 1.47  0.112  1 0 1.52
 1.47  0.112  1.5 5 1.52
 1.3  0.112  1.5 5 0
 1

//**************** SCHODEK 3 FINISZ

// schodek1A
 0.3  0.15  1 0 0.2
 0.3  0.15  0.98 0 0
 1.32  0.15  0.98 10.2 0
 1

 0.3  0.15  1 0 0.2
 1.32  0.15  1 10.2 0.2
 1.32  0.15  0.98 10.2 0
 1

// schodek1E
 0.3  0.144  1 0 0.2
 0.3  0.144  0.98 0 0
 1.32  0.144  0.98 10.2 0
 1

 0.3  0.144  1 0 0.2
 1.32  0.144  1 10.2 0.2
 1.32  0.144  0.98 10.2 0
 1

// schodek1D
 1.32  0.144  1 0 0.2
 1.3  0.144  1 0 0
 1.3  0.144  1.5 5 0
 1

 1.32  0.144  1 0 0.2
 1.32  0.144  1.5 5 0.2
 1.3  0.144  1.5 5 0
 1


// schodek1D
 1.32  0.15 1 0 0.2
 1.3  0.15 1 0 0
 1.3  0.15 1.5 5 0
 1

 1.32  0.15 1 0 0.2
 1.32  0.15 1.5 5 0.2
 1.3  0.15 1.5 5 0
 1

// **************** SCHODY DRUGIE - MAIN

// schodek4
 0.3  0.21  1.5 0 4
 0.3  0.21  1.9 0 0
 1.62  0.21  1.9 13.2 0
 1

 0.3  0.21 1.5 0 4
 1.62  0.21  1.5 13.2 4
 1.62  0.21  1.9 13.2 0
 1

// schodek5
 0.3  0.27 1.9 0 4.25
 0.3  0.27  2.35 0 0
 1.3  0.27  2.35 10 0
 1

 0.3  0.27 1.9 0 4.25
 1.3  0.27  1.9 10 4.25
 1.3  0.27  2.35 10 0
 1

// schodek6
 0.3  0.33 2.35 0 4
 0.3  0.33  2.75 0 0
 1.3  0.33  2.75 10 0
 1

 0.3  0.33 2.35 0 4
 1.3  0.33  2.35 10 4
 1.3  0.33  2.75 10 0
 1

// *************** schodek murku!

// schodek3_A
 0.3  0.0  1.5 0 2.04
 0.3  0.204 1.5 0 0
 1.62  0.204 1.5 13.2 0
 1

 0.3  0.0  1.5 0 2.04
 1.62  0.0  1.5 13.2 2.04
 1.62  0.204 1.5 13.2 0
 1

// schodek3_wystep_A
 0.3  0.204 1.48 0 0.5
 0.3  0.21 1.48 0 0
 1.62  0.21 1.48 13.2 0
 1

 0.3  0.204 1.48 0 0.5
 1.62  0.204 1.48 13.2 0.5
 1.62  0.21 1.48 13.2 0
 1


// schodek1A
 0.3  0.21 1.5 0 0.2
 0.3  0.21 1.48 0 0
 1.62  0.21 1.48 13.2 0
 1

 0.3  0.21 1.5 0 0.2
 1.62  0.21 1.5 13.2 0.2
 1.62  0.21 1.48 13.2 0
 1
// schodek1A
 0.3  0.204  1.5 0 0.2
 0.3  0.204  1.48 0 0
 1.62  0.204  1.48 13.2 0
 1

 0.3  0.204  1.5 0 0.2
 1.62  0.204  1.5 13.2 0.2
 1.62  0.204  1.48 13.2 0
 1


// scianka_schodka_wieksza
 0.301  0.15  1.65 0 0.54
 0.301  0.204  1.65 0 0
 0.301  0.204  1.5 0.65 0
 1

 0.301  0.15  1.65 0 0.54
 0.301  0.15  1.5 0.65 0.54
 0.301  0.204  1.5 0.65 0
 1

// scianka_schodka_mniejsza
 0.301  0.204  1.65 0.5 0
 0.301  0.21  1.65 0.5 0.06
 0.301  0.21  1.48 0.5 0.06
 1

 0.301  0.204  1.65 0.5 0
 0.301  0.204  1.48 0.5 0
 0.301  0.21  1.48 0.5 0.06
 1

// schod_muru_wystep_B
 1.62  0.204  1.48 0 0.5
 1.62  0.21  1.48 0 0
 1.62  0.21  1.9 4.2 0
 1

 1.62  0.204  1.48 0 0.5
 1.62  0.204  1.9 4.2 0.5
 1.62  0.21  1.9 4.2 0
 1

// schodek_muru_spod_krawedzi
 1.6  0.204  1.48 0 0.2
 1.62  0.204  1.48 0 0
 1.62  0.204  1.9 4.2 0
 1

 1.6  0.204  1.48 0 0.2
 1.6  0.204  1.9 4.2 0.2
 1.62  0.204  1.9 4.2 0
 1

// murek_zewn_podstawa
 1.62  0 3.4 0 0
 1.62  0.204  3.4 0 2.04
 1.62  0.204  1.5 19 2.04
 1

 1.62  0  3.4 0 0
 1.62  0  1.5 19 0
 1.62  0.204  1.5 19 2.04
 1

// murek przy 'pod' zoltym

 1.3  0.21  1.9 0 0.54
 1.3  0.264 1.9 0 0
 1.62  0.264 1.9 3.2 0
 1

 1.3  0.21  1.9 0 0.54
 1.62  0.21  1.9 3.2 0.54
 1.62  0.264 1.9 3.2 0
 1

// murek przy wejsciu

 -0.5  0.39  3.08 0 1.78
 -0.5 0.568 3.08 0 0
 0  0.568 3.08 5 0
 1

 -0.5 0.39  3.08 0 1.78
 0  0.39  3.08 5 1.78
 0  0.568 3.08 5 0
 1

// sciana przy wejsciu
 0  0.39  3.4 0 0
 0  0.568 3.4 0 1.78
 0  0.568 3.08  3.2 1.78
 1

 0  0.39  3.4 0 0
 0  0.39  3.08  3.2 0
 0  0.568 3.08  3.2 1.78
 1

// ************** schodki na szcycieA

// schodek_szczyt1
 0  0.45  3.1 0 1.5
 0  0.45  3.25 0 0
 1.3  0.45  3.25 13 0
 1

 0  0.45  3.1 0 1.5
 1.3  0.45  3.1 13 1.5
 1.3  0.45  3.25 13 0
 1

// schodek_szczyt2
 0  0.51  3.25 0 1.5
 0  0.51  3.4 0 0
 1.3  0.51  3.4 13 0
 1

 0  0.51  3.25 0 1.5
 1.3  0.51  3.25 13 1.5
 1.3  0.51  3.4 13 0
 1

// schodek_szczyt3
 -0.5  0.57  3.06 0 3.2
 -0.5 0.57  3.38 0 0
 0.02  0.57  3.38 5.2 0
 1

 -0.5 0.57  3.06 0 3.2
 0.02  0.57  3.06 5.2 3.2
 0.02  0.57  3.38 5.2 0
 1

// schodek_szczyt4
 -0.5  0.564  3.06 0 3.2
 -0.5 0.564  3.38 0 0
 0.02  0.564  3.38 5.2 0
 1

 -0.5 0.564  3.06 0 3.2
 0.02  0.564  3.06 5.2 3.2
 0.02  0.564  3.38 5.2 0
 1

// schodek_szczyt5
 -0.5  0.57  3.38 0 0.2
 -0.5 0.57  3.4 0 0
 0.0  0.57  3.4 5 0
 1

 -0.5 0.57  3.38 0 0.2
 0.0  0.57  3.38 5 0.2
 0.0  0.57  3.4 5 0
 1

// schodek_szczyt_wystep_A
 -0.5  0.564  3.06 0 0.4
 -0.5 0.57  3.06 0 0
 0.02  0.57  3.06 5.2 0
 1

 -0.5 0.564  3.06 0 0.4
 0.02  0.564  3.06 5.2 0.4
 0.02  0.57  3.06 5.2 0
 1

// schodek_szczyt_wystep_B
 0.02  0.564  3.06 0 0.2
 0.02  0.57  3.06 0 0
 0.02  0.57  3.38 3.2 0
 1

 0.02  0.564  3.06 0 0.2
 0.02  0.564  3.38 3.2 0.2
 0.02  0.57  3.38 3.2 0
 1

// **************  szczyt schodow!!

// szczyt1
-0.5  0.57  3.4 0 5
-0.5  0.57  3.9 0 0
 1.925  0.57  3.9 24.25 0
 1

-0.5  0.57  3.4 0 5
 1.3  0.57  3.4 18 5
 1.925  0.57  3.9 24.25 0
 1





// 90 scian!
