
NUMPOLLIES 10

\\ kolumna_sofy
 2.5  0  8 0 1
 2.5  0  8.5 0 0
 3  0  8.5 1 0

 2.5  0  8 0 1
 3  0  8 1 1
 3  0  8.5 1 0
 3

\\ kolumna_kuchnia1
 2.5  0  1.5 0 1
 2.5  0  2 0 0
 3  0  2 1 0

 2.5  0  1.5 0 1
 3  0  1.5 1 1
 3  0  2 1 0
 3

\\ kolumna_wejscie
-2.5  0  4.75 0 1
-2.5  0  5.25 0 0
-2  0  5.25 1 0

-2.5  0  4.75 0 1
-2  0  4.75 1 1
-2  0  5.25 1 0
 3

\\ kuchnia_drzwi1
-0.5  0  0 0 1
-0.5  0  0.75 0 0
 0  0  0.75 1 0

-0.5  0  0 0 1
 0  0  0 1 1
 0  0  0.75 1 0
 3

\\ kuchnia_drzwi2
-0.5  0  1.75 0 1
-0.5  0  4 0 0
 0  0  4 1 0

-0.5  0  1.75 0 1
 0  0  1.75 1 1
 0  0  4 1 0
 3

