
NUMPOLLIES 16

// kuchnia_drzwi1
-0.25  0  0 0 1
-0.25  2  0 0 0
 0  2  0 1 0
 3

-0.25  0  0 0 1
 0  0  0 1 1
 0  2  0 1 0
 3

// kuchnia_drzwi2
 0  0  0 0 1
 0  2  0 0 0
 0  2  0.75 1 0
 3

 0  0  0 0 1
 0  0  0.75 1 1
 0  2  0.75 1 0
 3

// kuchnia_drzwi3
 0  0  0.75 0 1
 0  2  0.75 0 0
-0.25  2  0.75 1 0
 3

 0  0  0.75 0 1
-0.25  0  0.75 1 1
-0.25  2  0.75 1 0
 3

// kuchnia_drzwi4
 0  0  0.75 0 1
 0  2  0.75 0 0
 0  2  0 1 0
 3

 0  0  0.75 0 1
 0  0  0 1 1
 0  2  0 1 0
 3

// kuchnia_drzwiB1
-0.25  0  1.75 0 1
-0.25  2  1.75 0 0
 0  2  1.75 1 0
 3

-0.25  0  1.75 0 1
 0  0  1.75 1 1
 0  2  1.75 1 0
 3

// kuchnia_drzwiB2
 0  0  1.75 0 1
 0  2  1.75 0 0
 0  2  4 1 0
 3

 0  0  1.75 0 1
 0  0  4 1 1
 0  2  4 1 0
 3

// kuchnia_drzwiB3
 0  0  4 0 1
 0  2  4 0 0
-0.25  2  4 1 0
 3

 0  0  4 0 1
-0.25  0  4 1 1
-0.25  2  4 1 0
 3

// kuchnia_drzwiB4
-0.25  0  4 0 1
-0.25  2  4 0 0
-0.25  2  1.75 1 0
 3

-0.25  0  4 0 1
-0.25  0  1.75 1 1
-0.25  2  1.75 1 0
 3

