
NUMPOLLIES 8

// schodek1A
 0.3  0.05  0.7 0 0.2
 0.3  0.05  0.68 0 0
 1.62  0.05  0.68 13.2 0
 1

 0.3  0.05  0.7 0 0.2
 1.62  0.05  0.7 13.2 0.2
 1.62  0.05  0.68 13.2 0
 1

// schodek1B
 0.3  0.56  0.85 0 1.52
 0.3  0.56  0.83 0 0
 1.62  0.56  0.83 13.2 0
 1

 0.3  0.56  0.85 0 1.52
 1.62  0.56  0.85 13.2 1.52
 1.62  0.56  0.83 13.2 0
 1

// schodek1C
 1.6  0.05  0.7 0 0.2
 1.62  0.05  0.7 0 0
 1.62  0.05  1.5 8 0
 1

 1.6  0.05  0.7 0 0.2
 1.6  0.05  1.5 8 0.2
 1.62  0.05  1.5 8 0
 1

// schodek1D
 1.62  0.056  0.85 0 1.52
 1.47  0.056  0.85 0 0
 1.47  0.056  1.5 6.5 0
 1

 1.62  0.056  0.85 0 1.52
 1.62  0.056  1.5 6.5 1.52
 1.47  0.056  1.5 6.5 0
 1

