
NUMPOLLIES 10

// podejscieL_scianka1
 0  0  1 0 2
 0  0.2  1 0 0
 0  0.2  0 10 0
 1

 0  0  1 0 2
 0  0  0 10 2
 0  0.2  0 10 0
 1

// podejscieL_scianka2
 0  0  15 0 2
 0  0.2  15 0 0
 0  0.2  10 5 0
 1

 0  0  15 0 2
 0  0  10 5 2
 0  0.2  10 5 0
 1

// podejscieL_scianka3
 0  0  30 0 2
 0  0.2  30 0 0
 0  0.2  15 15 0
 1

 0  0  30 0 2
 0  0  15 15 2
 0  0.2  15 15 0
 1


// podejscieL_scianka4
 0  0.2  30 0 3
 0  0.5  30 0 0
 0  0.5  15 15 0
 1

 0  0.2  30 0 3
 0  0.2  15 15 3
 0  0.5  15 15 0
 1

