
NUMMODELS 1
NUMINSTANCES 15

// modele
#0 - data/models/drzwi_okna/szare_filtry.txt szare_filtry

// instancje - wystapienia modeli

// szare filtry (np. nad biblioteka)
#0 - 0, (-0.49, 1.325,-0.746), (1, 1, 1), (0, 0, 0), 1, n
#1 - 0, (-0.49, 1.325,-0.427), (1, 1, 1), (0, 0, 0), 1, n
#2 - 0, (-0.49, 1.325,-0.108), (1, 1, 1), (0, 0, 0), 1, n
#3 - 0, (-0.49, 1.325,0.426), (1, 1, 0.495), (0, 0, 0), 1, n
#4 - 0, (-0.49, 1.325,0.369), (1, 1, 1), (0, 0, 0), 1, n
#5 - 0, (-0.49, 1.325,0.687), (1, 1, 1), (0, 0, 0), 1, n
#6 - 0, (-0.49, 1.325,1.006), (1, 1, 1), (0, 0, 0), 1, n
#7 - 0, (-0.49, 1.325,2.671), (1, 1, 0.495), (0, 0, 0), 1, n
#8 - 0, (-0.49, 1.325,1.481), (1, 1, 1), (0, 0, 0), 1, n
#9 - 0, (-0.49, 1.325,1.7995), (1, 1, 1), (0, 0, 0), 1, n
#10 - 0, (-0.49, 1.325,2.118), (1, 1, 1), (0, 0, 0), 1, n
#11 - 0, (-0.49, 1.325,2.486), (1, 1, 0.98), (0, 0, 0), 1, n

// filtr nad drzwiami
#12 - 0, (-0.49, 1.325,1.361), (1, 1, 2.02), (0, 0, 0), 1, n
#13 - 0, (-0.49, 1.325,3.445), (1, 1, 0.985), (0, 0, 0), 1, n
#14 - 0, (-0.49, 1.325,3.822), (1, 1, 0.97), (0, 0, 0), 1, n