
NUMPOLLIES 198
//x = 0,1520034 - te poczworne, betonowe cos pomiedzy oknami
//d = 0,3793864597701149; m=0.45*d=0,1707239068965517;

// ******************************* paski szare pionowe
// pasek pionowy - 1
 0  0.02  0 0 1
 0  0.596  0 0 0
 0.02 0.596  0 1 0
9
 0.02  0.596  0 1 0
 0.02  0.02  0 1 1
 0  0.02  0 0 1
9
// pasek pionowy - 2
 0.19072391  0.02  0 0 1
 0.19072391  0.596  0 0 0
 0.21072391 0.596  0 1 0
9
 0.21072391  0.596  0 1 0
 0.21072391  0.02  0 1 1
 0.19072391  0.02  0 0 1
9

// pasek pionowy - 3
 0.59011036  0.02  0 0 1
 0.59011036  0.596  0 0 0
 0.61011036 0.596  0 1 0
9
 0.61011036  0.596  0 1 0
 0.61011036  0.02  0 1 1
 0.59011036  0.02  0 0 1
9

// pasek pionowy - 4
 0.98949681  0.02  0 0 1
 0.98949681  0.596  0 0 0
 1.00949681 0.596  0 1 0
9
 1.00949681  0.596  0 1 0
 1.00949681  0.02  0 1 1
 0.98949681  0.02  0 0 1
9
// pasek pionowy - 5
 1.180220716  0.02  0 0 1
 1.180220716  0.596  0 0 0
 1.200220716 0.596  0 1 0
9
 1.200220716  0.596  0 1 0
 1.200220716  0.02  0 1 1
 1.180220716  0.02  0 0 1
9
// pasek pionowy - 6
 1.215220716  0.02  0 0 1
 1.215220716  0.596  0 0 0
 1.235220716 0.596  0 1 0
9
 1.235220716  0.596  0 1 0
 1.235220716  0.02  0 1 1
 1.215220716  0.02  0 0 1
9
// pasek pionowy - 7
 1.584607166  0.02  0 0 1
 1.584607166  0.596  0 0 0
 1.604607166 0.596  0 1 0
9
 1.604607166  0.596  0 1 0
 1.604607166  0.02  0 1 1
 1.584607166  0.02  0 0 1
9
// pasek pionowy - 8
 1.7454  0.02  0 0 1
 1.7454  0.596  0 0 0
 1.7654 0.596  0 1 0
9
 1.7654  0.596  0 1 0
 1.7654  0.02  0 1 1
 1.7454  0.02  0 0 1
9

// ************** wystep
// pasek pionowy - 9 - wystep! A
 1.200220716  0.0  -0.04 0 1
 1.200220716  0.616  -0.04 0 0
 1.215220716 0.616  -0.04 1 0
9
 1.215220716  0.616  -0.04 1 0
 1.215220716  0  -0.04 1 1
 1.200220716  0  -0.04 0 1
9

// dalsza obudowa wystepu

// pasek pionowy - 9 - wystep! B
 1.200220716 0.616  0 1 0
 1.200220716  0.616  -0.04 0 0
 1.200220716  0.0  -0.04 0 1
9
 1.200220716  0  -0.04 0 1
 1.200220716  0  0 1 1
 1.200220716  0.616  0 1 0
9
// pasek pionowy - 9 - wystep! C
 1.215220716  0.0  -0.04 0 1
 1.215220716  0.616  -0.04 0 0
 1.215220716 0.616  0 1 0
9
 1.215220716  0.616  0 1 0
 1.215220716  0  0 1 1
 1.215220716  0  -0.04 0 1
9
// pasek pionowy - 9 - wystep! E
 1.215220716 0.0  0 1 0
 1.200220716  0.0  0 0 0
 1.200220716  0.0  -0.04 0 1
9
 1.200220716  0  -0.04 0 1
 1.215220716  0  -0.04 1 1
 1.215220716  0.0  0 1 0
9
// pasek pionowy - 9 - wystep! F
 1.200220716  0.616  -0.04 0 1
 1.200220716  0.616  0 0 0
 1.215220716 0.616  0 1 0
9
 1.215220716  0.616  0 1 0
 1.215220716  0.616  -0.04 1 1
 1.200220716  0.616  -0.04 0 1
9
// pasek dolny
 0  0  0 0 1
 0  0.02  0 0 0
 1.7653311 0.02  0 1 0
9
 1.7653311  0.02  0 1 0
 1.7653311  0  0 1 1
 0  0  0 0 1
9
// pasek gorny
 0  0.596  0 0 1
 0  0.616  0 0 0
 1.7653311 0.616  0 1 0
9
 1.7653311  0.616  0 1 0
 1.7653311  0.596  0 1 1
 0  0.596  0 0 1
9

// *************  dolne wewnetrzne paski

// *****************#1
// dolny pasek 1 - A
 0.02  0.02  0.0 0 1
 0.02  0.02  0.004 0 0
 0.19072391 0.02  0.004 1 0
9
 0.19072391  0.02  0.004 1 0
 0.19072391  0.02  0.0 1 1
 0.02  0.02  0.0 0 1
9
// dolny pasek 1 - B
 0.02  0.02  0.007 0 1
 0.02  0.02  0.011 0 0
 0.19072391 0.02  0.011 1 0
9
 0.19072391  0.02  0.011 1 0
 0.19072391  0.02  0.007 1 1
 0.02  0.02  0.007 0  1
9
// czarny pasek 1 
 0.02  0.02  0.004 0 1
 0.02  0.02  0.007 0 0
 0.19072391 0.02  0.007 1 0
5
 0.19072391  0.02  0.007 1 0
 0.19072391  0.02  0.004 1 1
 0.02  0.02  0.004 0  1
5
// ***************#2
// dolny pasek 2 - A
 0.21072391  0.02  0.0 0 1
 0.21072391  0.02  0.004 0 0
 0.59011036 0.02  0.004 1 0
9
 0.59011036  0.02  0.004 1 0
 0.59011036  0.02  0.0 1 1
 0.21072391  0.02  0.0 0 1
9
// dolny pasek 2 - B
 0.21072391  0.02  0.007 0 1
 0.21072391  0.02  0.011 0 0
 0.59011036 0.02  0.011 1 0
9
 0.59011036  0.02  0.011 1 0
 0.59011036  0.02  0.007 1 1
 0.21072391  0.02  0.007 0  1
9
// czarny pasek 2 
 0.21072391  0.02  0.004 0 1
 0.21072391  0.02  0.007 0 0
 0.59011036 0.02  0.007 1 0
5
 0.59011036  0.02  0.007 1 0
 0.59011036  0.02  0.004 1 1
 0.21072391  0.02  0.004 0  1
5
// ***************#3
// dolny pasek 3 - A
 0.61011036  0.02  0.0 0 1
 0.61011036  0.02  0.004 0 0
 0.98949681 0.02  0.004 1 0
9
 0.98949681  0.02  0.004 1 0
 0.98949681  0.02  0.0 1 1
 0.61011036  0.02  0.0 0 1
9
// dolny pasek 3 - B
 0.61011036  0.02  0.007 0 1
 0.61011036  0.02  0.011 0 0
 0.98949681 0.02  0.011 1 0
9
 0.98949681  0.02  0.011 1 0
 0.98949681  0.02  0.007 1 1
 0.61011036  0.02  0.007 0  1
9
// czarny pasek 3
 0.61011036  0.02  0.004 0 1
 0.61011036  0.02  0.007 0 0
 0.98949681 0.02  0.007 1 0
5
 0.98949681  0.02  0.007 1 0
 0.98949681  0.02  0.004 1 1
 0.61011036  0.02  0.004 0  1
5

// ***************#4
// dolny pasek 4 - A
 1.00949681 0.02  0.004 1 0
 1.180220716  0.02  0.004 0 0
 1.180220716  0.02  0.0 0 1
9
 1.180220716  0.02  0.0 0 1
 1.00949681  0.02  0.0 1 1
 1.00949681  0.02  0.004 1 0
9
// dolny pasek 4 - B
 1.00949681 0.02  0.011 1 0
 1.180220716  0.02  0.011 0 0
 1.180220716  0.02  0.007 0 1
9
 1.180220716  0.02  0.007 0  1
 1.00949681  0.02  0.007 1 1
 1.00949681  0.02  0.011 1 0
9
// czarny pasek 4
 1.00949681 0.02  0.007 1 0
 1.180220716  0.02  0.007 0 0
 1.180220716  0.02  0.004 0 1
5
 1.180220716  0.02  0.004 0  1
 1.00949681  0.02  0.004 1 1
 1.00949681  0.02  0.007 1 0
5
// ***************#5
// dolny pasek 5 - A
 1.235220716 0.02  0.004 1 0
 1.584607166  0.02  0.004 0 0
 1.584607166  0.02  0.0 0 1
9
 1.584607166  0.02  0.0 0 1
 1.235220716  0.02  0.0 1 1
 1.235220716  0.02  0.004 1 0
9
// dolny pasek 5 - B
 1.235220716 0.02  0.011 1 0
 1.584607166  0.02  0.011 0 0
 1.584607166  0.02  0.007 0 1
9
 1.584607166  0.02  0.007 0  1
 1.235220716  0.02  0.007 1 1
 1.235220716  0.02  0.011 1 0
9
// czarny pasek 5
 1.235220716 0.02  0.007 1 0
 1.584607166  0.02  0.007 0 0
 1.584607166  0.02  0.004 0 1
5
 1.584607166  0.02  0.004 0  1
 1.235220716  0.02  0.004 1 1
 1.235220716  0.02  0.007 1 0
5
// ***************#6
// dolny pasek 6 - A
 1.604607166 0.02  0.004 1 0
 1.7454  0.02  0.004 0 0
 1.7454  0.02  0.0 0 1
9
 1.7454  0.02  0.0 0 1
 1.604607166  0.02  0.0 1 1
 1.604607166  0.02  0.004 1 0
9
// dolny pasek 6 - B
 1.604607166 0.02  0.011 1 0
 1.7454  0.02  0.011 0 0
 1.7454  0.02  0.007 0 1
9
 1.7454  0.02  0.007 0  1
 1.604607166  0.02  0.007 1 1
 1.604607166  0.02  0.011 1 0
9
// czarny pasek 6
 1.7454 0.02  0.007 1 0
 1.584607166  0.02  0.007 0 0
 1.584607166  0.02  0.004 0 1
5
 1.7454  0.02  0.004 0  1
 1.604607166  0.02  0.004 1 1
 1.604607166  0.02  0.007 1 0
5

// *************  gorne wewnetrzne paski

// *****************#1
// gorny pasek 1 - A
 0.19072391  0.596  0.007 0 1
 0.19072391  0.596  0.011 0 0
 0.02 0.596  0.011 1 0
9
 0.02  0.596  0.011 1 0
 0.02  0.596  0.007 1 1
 0.19072391  0.596  0.007 0 1
9
// gorny pasek 1 - B
 0.19072391  0.596  0.0 0 1
 0.19072391  0.596  0.004 0 0
 0.02 0.596  0.004 1 0
9
 0.02  0.596  0.004 1 0
 0.02  0.596  0.0 1 1
 0.19072391  0.596  0.0 0  1
9
// czarny pasek 1 
 0.19072391 0.596  0.007 1 0
 0.02  0.596  0.007 0 0
 0.02  0.596  0.004 0 1
5
 0.02  0.596  0.004 0  1
 0.19072391  0.596  0.004 1 1
 0.19072391  0.596  0.007 1 0
5
// ***************#2
// gorny pasek 2 - A
 0.59011036 0.596  0.004 1 0
 0.21072391  0.596  0.004 0 0
 0.21072391  0.596  0.0 0 1
9
 0.21072391  0.596  0.0 0 1
 0.59011036  0.596  0.0 1 1
 0.59011036  0.596  0.004 1 0
9
// gorny pasek 2 - B
 0.59011036 0.596  0.011 1 0
 0.21072391  0.596  0.011 0 0
 0.21072391  0.596  0.007 0 1
9
 0.21072391  0.596  0.007 0  1
 0.59011036  0.596  0.007 1 1
 0.59011036  0.596  0.011 1 0
9
// czarny pasek 2 
 0.59011036 0.596  0.007 1 0
 0.21072391  0.596  0.007 0 0
 0.21072391  0.596  0.004 0 1
5
 0.21072391  0.596  0.004 0  1
 0.59011036  0.596  0.004 1 1
 0.59011036  0.596  0.007 1 0
5
// ***************#3
// gorny pasek 3 - A
 0.98949681 0.596  0.004 1 0
 0.61011036  0.596  0.004 0 0
 0.61011036  0.596  0.0 0 1
9
 0.61011036  0.596  0.0 0 1
 0.98949681  0.596  0.0 1 1
 0.98949681  0.596  0.004 1 0
9
// gorny pasek 3 - B
 0.98949681 0.596  0.011 1 0
 0.61011036  0.596  0.011 0 0
 0.61011036  0.596  0.007 0 1
9
 0.61011036  0.596  0.007 0  1
 0.98949681  0.596  0.007 1 1
 0.98949681  0.596  0.011 1 0
9
// czarny pasek 3
 0.98949681 0.596  0.007 1 0
 0.61011036  0.596  0.007 0 0
 0.61011036  0.596  0.004 0 1
5
 0.61011036  0.596  0.004 0  1
 0.98949681  0.596  0.004 1 1
 0.98949681  0.596  0.007 1 0
5

// ***************#4
// gorny pasek 4 - A
 1.180220716  0.596  0.0 0 1
 1.180220716  0.596  0.004 0 0
 1.00949681 0.596  0.004 1 0
9
 1.00949681  0.596  0.004 1 0
 1.00949681  0.596  0.0 1 1
 1.180220716  0.596  0.0 0 1
9
// gorny pasek 4 - B
 1.180220716  0.596  0.007 0 1
 1.180220716  0.596  0.011 0 0
 1.00949681 0.596  0.011 1 0
9
 1.00949681  0.596  0.011 1 0
 1.00949681  0.596  0.007 1 1
 1.180220716  0.596  0.007 0  1
9
// czarny pasek 4
 1.180220716  0.596  0.004 0 1
 1.180220716  0.596  0.007 0 0
 1.00949681 0.596  0.007 1 0
5
 1.00949681  0.596  0.007 1 0
 1.00949681  0.596  0.004 1 1
 1.180220716  0.596  0.004 0  1
5
// ***************#5
// gorny pasek 5 - A
 1.584607166  0.596  0.0 0 1
 1.584607166  0.596  0.004 0 0
 1.235220716 0.596  0.004 1 0
9
 1.235220716  0.596  0.004 1 0
 1.235220716  0.596  0.0 1 1
 1.584607166  0.596  0.0 0 1
9
// gorny pasek 5 - B
 1.584607166  0.596  0.007 0 1
 1.584607166  0.596  0.011 0 0
 1.235220716 0.596  0.011 1 0
9
 1.235220716  0.596  0.011 1 0
 1.235220716  0.596  0.007 1 1
 1.584607166  0.596  0.007 0  1
9
// czarny pasek 5
 1.584607166  0.596  0.004 0 1
 1.584607166  0.596  0.007 0 0
 1.235220716 0.596  0.007 1 0
5
 1.235220716  0.596  0.007 1 0
 1.235220716  0.596  0.004 1 1
 1.584607166  0.596  0.004 0  1
5
// ***************#6
// gorny pasek 6 - A
 1.7454  0.596  0.0 0 1
 1.7454  0.596  0.004 0 0
 1.604607166 0.596  0.004 1 0
9
 1.604607166  0.596  0.004 1 0
 1.604607166  0.596  0.0 1 1
 1.7454  0.596  0.0 0 1
9
// gorny pasek 6 - B
 1.7454  0.596  0.007 0 1
 1.7454  0.596  0.011 0 0
 1.604607166 0.596  0.011 1 0
9
 1.604607166  0.596  0.011 1 0
 1.604607166  0.596  0.007 1 1
 1.7454  0.596  0.007 0  1
9
// czarny pasek 6
 1.584607166  0.596  0.004 0 1
 1.584607166  0.596  0.007 0 0
 1.7454 0.596  0.007 1 0
5
 1.604607166  0.596  0.007 1 0
 1.604607166  0.596  0.004 1 1
 1.7454  0.596  0.004 0  1
5


// **********************************************  wewnetrzne paski, powiedzmy - "prawe"

// *************** #1
// wewnetrzny - 1 - A
 0.02 0.596  0 1 0
 0.02  0.596  0.004 0 0
 0.02  0.02  0.004 0 1
9
 0.02  0.02  0.004 0 1
 0.02  0.02  0 1 1
 0.02  0.596  0 1 0
9
// wewnetrzny - 1 - B
 0.02 0.596  0.007 1 0
 0.02  0.596  0.011 0 0
 0.02  0.02  0.011 0 1
9
 0.02  0.02  0.011 0 1
 0.02  0.02  0.007 1 1
 0.02  0.596  0.007 1 0
9
// czarny - 1 - C
 0.02 0.596  0.004 1 0
 0.02  0.596  0.007 0 0
 0.02  0.02  0.007 0 1
5
 0.02  0.02  0.007 0 1
 0.02  0.02  0.004 1 1
 0.02  0.596  0.004 1 0
5

// *************** #2
// wewnetrzny - 2 - A
 0.21072391 0.596  0 1 0
 0.21072391  0.596  0.004 0 0
 0.21072391  0.02  0.004 0 1
9
 0.21072391  0.02  0.004 0 1
 0.21072391  0.02  0 1 1
 0.21072391  0.596  0 1 0
9
// wewnetrzny - 2 - B
 0.21072391 0.596  0.007 1 0
 0.21072391  0.596  0.011 0 0
 0.21072391  0.02  0.011 0 1
9
 0.21072391  0.02  0.011 0 1
 0.21072391  0.02  0.007 1 1
 0.21072391  0.596  0.007 1 0
9
// czarny - 2- C
 0.21072391 0.596  0.004 1 0
 0.21072391  0.596  0.007 0 0
 0.21072391  0.02  0.007 0 1
5
 0.21072391  0.02  0.007 0 1
 0.21072391  0.02  0.004 1 1
 0.21072391  0.596  0.004 1 0
5

// *************** #3
// wewnetrzny - 3 - A
 0.61011036 0.596  0 1 0
 0.61011036  0.596  0.004 0 0
 0.61011036  0.02  0.004 0 1
9
 0.61011036  0.02  0.004 0 1
 0.61011036  0.02  0 1 1
 0.61011036  0.596  0 1 0
9
// wewnetrzny - 3 - B
 0.61011036 0.596  0.007 1 0
 0.61011036  0.596  0.011 0 0
 0.61011036  0.02  0.011 0 1
9
 0.61011036  0.02  0.011 0 1
 0.61011036  0.02  0.007 1 1
 0.61011036  0.596  0.007 1 0
9
// czarny - 3- C
 0.61011036 0.596  0.004 1 0
 0.61011036  0.596  0.007 0 0
 0.61011036  0.02  0.007 0 1
5
 0.61011036  0.02  0.007 0 1
 0.61011036  0.02  0.004 1 1
 0.61011036  0.596  0.004 1 0
5

// *************** #4
// wewnetrzny - 4 - A
 1.00949681 0.596  0 1 0
 1.00949681  0.596  0.004 0 0
 1.00949681  0.02  0.004 0 1
9
 1.00949681  0.02  0.004 0 1
 1.00949681  0.02  0 1 1
 1.00949681  0.596  0 1 0
9
// wewnetrzny - 4 - B
 1.00949681 0.596  0.007 1 0
 1.00949681  0.596  0.011 0 0
 1.00949681  0.02  0.011 0 1
9
 1.00949681  0.02  0.011 0 1
 1.00949681  0.02  0.007 1 1
 1.00949681  0.596  0.007 1 0
9
// czarny - 4 - C
 1.00949681 0.596  0.004 1 0
 1.00949681  0.596  0.007 0 0
 1.00949681  0.02  0.007 0 1
5
 1.00949681  0.02  0.007 0 1
 1.00949681  0.02  0.004 1 1
 1.00949681  0.596  0.004 1 0
5
// *************** #5
// wewnetrzny - 5 - A
 1.235220716 0.596  0 1 0
 1.235220716  0.596  0.004 0 0
 1.235220716  0.02  0.004 0 1
9
 1.235220716  0.02  0.004 0 1
 1.235220716  0.02  0 1 1
 1.235220716  0.596  0 1 0
9
// wewnetrzny - 5 - B
 1.235220716 0.596  0.007 1 0
 1.235220716  0.596  0.011 0 0
 1.235220716  0.02  0.011 0 1
9
 1.235220716  0.02  0.011 0 1
 1.235220716  0.02  0.007 1 1
 1.235220716  0.596  0.007 1 0
9
// czarny - 5 - C
 1.235220716 0.596  0.004 1 0
 1.235220716  0.596  0.007 0 0
 1.235220716  0.02  0.007 0 1
5
 1.235220716  0.02  0.007 0 1
 1.235220716  0.02  0.004 1 1
 1.235220716  0.596  0.004 1 0
5
// *************** #6
// wewnetrzny - 6 - A
 1.604607166 0.596  0 1 0
 1.604607166  0.596  0.004 0 0
 1.604607166  0.02  0.004 0 1
9
 1.604607166  0.02  0.004 0 1
 1.604607166  0.02  0 1 1
 1.604607166  0.596  0 1 0
9
// wewnetrzny - 6 - B
 1.604607166 0.596  0.007 1 0
 1.604607166  0.596  0.011 0 0
 1.604607166  0.02  0.011 0 1
9
 1.604607166  0.02  0.011 0 1
 1.604607166  0.02  0.007 1 1
 1.604607166  0.596  0.007 1 0
9
// czarny - 6 - C
 1.604607166 0.596  0.004 1 0
 1.604607166  0.596  0.007 0 0
 1.604607166  0.02  0.007 0 1
5
 1.604607166  0.02  0.007 0 1
 1.604607166  0.02  0.004 1 1
 1.604607166  0.596  0.004 1 0
5

// **********************************************  wewnetrzne paski, powiedzmy - "lewe"

// *************** #1
// wewnetrzny - 1 - A
 0.19072391  0.02  0.004 0 1
 0.19072391  0.596  0.004 0 0
 0.19072391 0.596  0 1 0
9
 0.19072391  0.596  0 1 0
 0.19072391  0.02  0 1 1
 0.19072391  0.02  0.004 0 1
9
// wewnetrzny - 1 - B
 0.19072391  0.02  0.011 0 1
 0.19072391  0.596  0.011 0 0
 0.19072391 0.596  0.007 1 0
9
 0.19072391  0.596  0.007 1 0
 0.19072391  0.02  0.007 1 1
 0.19072391  0.02  0.011 0 1
9
// czarny - 1 - C
 0.19072391  0.02  0.007 0 1
 0.19072391  0.596  0.007 0 0
 0.19072391 0.596  0.004 1 0
5
 0.19072391  0.596  0.004 1 0
 0.19072391  0.02  0.004 1 1
 0.19072391  0.02  0.007 0 1
5
// *************** #2
// wewnetrzny - 2 - A
 0.59011036  0.02  0.004 0 1
 0.59011036  0.596  0.004 0 0
 0.59011036 0.596  0 1 0
9
 0.59011036  0.596  0 1 0
 0.59011036  0.02  0 1 1
 0.59011036  0.02  0.004 0 1
9
// wewnetrzny - 2 - B
 0.59011036  0.02  0.011 0 1
 0.59011036  0.596  0.011 0 0
 0.59011036 0.596  0.007 1 0
9
 0.59011036  0.596  0.007 1 0
 0.59011036  0.02  0.007 1 1
 0.59011036  0.02  0.011 0 1
9
// czarny - 2 - C
 0.59011036  0.02  0.007 0 1
 0.59011036  0.596  0.007 0 0
 0.59011036 0.596  0.004 1 0
5
 0.59011036  0.596  0.004 1 0
 0.59011036  0.02  0.004 1 1
 0.59011036  0.02  0.007 0 1
5
// *************** #3
// wewnetrzny - 3 - A
 0.98949681  0.02  0.004 0 1
 0.98949681  0.596  0.004 0 0
 0.98949681 0.596  0 1 0
9
 0.98949681  0.596  0 1 0
 0.98949681  0.02  0 1 1
 0.98949681  0.02  0.004 0 1
9
// wewnetrzny - 3 - B
 0.98949681  0.02  0.011 0 1
 0.98949681  0.596  0.011 0 0
 0.98949681 0.596  0.007 1 0
9
 0.98949681  0.596  0.007 1 0
 0.98949681  0.02  0.007 1 1
 0.98949681  0.02  0.011 0 1
9
// czarny - 3 - C
 0.98949681  0.02  0.007 0 1
 0.98949681  0.596  0.007 0 0
 0.98949681 0.596  0.004 1 0
5
 0.98949681  0.596  0.004 1 0
 0.98949681  0.02  0.004 1 1
 0.98949681  0.02  0.007 0 1
5
// *************** #4
// wewnetrzny - 4 - A
 1.180220716  0.02  0.004 0 1
 1.180220716  0.596  0.004 0 0
 1.180220716 0.596  0 1 0
9
 1.180220716  0.596  0 1 0
 1.180220716  0.02  0 1 1
 1.180220716  0.02  0.004 0 1
9
// wewnetrzny - 4 - B
 1.180220716  0.02  0.011 0 1
 1.180220716  0.596  0.011 0 0
 1.180220716 0.596  0.007 1 0
9
 1.180220716  0.596  0.007 1 0
 1.180220716  0.02  0.007 1 1
 1.180220716  0.02  0.011 0 1
9
// czarny - 4 - C
 1.180220716  0.02  0.007 0 1
 1.180220716  0.596  0.007 0 0
 1.180220716 0.596  0.004 1 0
5
 1.180220716  0.596  0.004 1 0
 1.180220716  0.02  0.004 1 1
 1.180220716  0.02  0.007 0 1
5
// *************** #5
// wewnetrzny - 5 - A
 1.584607166  0.02  0.004 0 1
 1.584607166  0.596  0.004 0 0
 1.584607166 0.596  0 1 0
9
 1.584607166  0.596  0 1 0
 1.584607166  0.02  0 1 1
 1.584607166  0.02  0.004 0 1
9
// wewnetrzny - 5 - B
 1.584607166  0.02  0.011 0 1
 1.584607166  0.596  0.011 0 0
 1.584607166 0.596  0.007 1 0
9
 1.584607166  0.596  0.007 1 0
 1.584607166  0.02  0.007 1 1
 1.584607166  0.02  0.011 0 1
9
// czarny - 5 - C
 1.584607166  0.02  0.007 0 1
 1.584607166  0.596  0.007 0 0
 1.584607166 0.596  0.004 1 0
5
 1.584607166  0.596  0.004 1 0
 1.584607166  0.02  0.004 1 1
 1.584607166  0.02  0.007 0 1
5
// *************** #6
// wewnetrzny - 6 - A
 1.7454  0.02  0.004 0 1
 1.7454  0.596  0.004 0 0
 1.7454 0.596  0 1 0
9
 1.7454  0.596  0 1 0
 1.7454  0.02  0 1 1
 1.7454  0.02  0.004 0 1
9
// wewnetrzny - 6 - B
 1.7454  0.02  0.011 0 1
 1.7454  0.596  0.011 0 0
 1.7454 0.596  0.007 1 0
9
 1.7454  0.596  0.007 1 0
 1.7454  0.02  0.007 1 1
 1.7454  0.02  0.011 0 1
9
// czarny - 6 - C
 1.7454  0.02  0.007 0 1
 1.7454  0.596  0.007 0 0
 1.7454 0.596  0.004 1 0
5
 1.7454  0.596  0.004 1 0
 1.7454  0.02  0.004 1 1
 1.7454  0.02  0.007 0 1
5

// ********************************************* czas na szyby ;-)
// szyba 1 - tyl
 0.19072391 0.596  0.007 1 0
 0.02  0.596  0.007 0 0
 0.02  0.02  0.007 0 1
8
 0.02  0.02  0.007 0 1
 0.19072391  0.02  0.007 1 1
 0.19072391  0.596  0.007 1 0
8
// szyba 1 - front
 0.02  0.02  0.004 0 1
 0.02  0.596  0.004 0 0
 0.19072391 0.596  0.004 1 0
8
 0.19072391  0.596  0.004 1 0
 0.19072391  0.02  0.004 1 1
 0.02  0.02  0.004 0 1
8
// szyba 2 - tyl
 0.59011036 0.596  0.007 1 0
 0.21072391  0.596  0.007 0 0
 0.21072391  0.02  0.007 0 1
8
 0.21072391  0.02  0.007 0 1
 0.59011036  0.02  0.007 1 1
 0.59011036  0.596  0.007 1 0
8
// szyba 2 - front
 0.21072391  0.02  0.004 0 1
 0.21072391  0.596  0.004 0 0
 0.59011036 0.596  0.004 1 0
8
 0.59011036  0.596  0.004 1 0
 0.59011036  0.02  0.004 1 1
 0.21072391  0.02  0.004 0 1
8
// szyba 3 - tyl
 0.98949681 0.596  0.007 1 0
 0.61011036  0.596  0.007 0 0
 0.61011036  0.02  0.007 0 1
8
 0.61011036  0.02  0.007 0 1
 0.98949681  0.02  0.007 1 1
 0.98949681  0.596  0.007 1 0
8
// szyba 3 - front
 0.61011036  0.02  0.004 0 1
 0.61011036  0.596  0.004 0 0
 0.98949681 0.596  0.004 1 0
8
 0.98949681  0.596  0.004 1 0
 0.98949681  0.02  0.004 1 1
 0.61011036  0.02  0.004 0 1
8

// szyba 4 - tyl
 1.180220718 0.596  0.007 1 0
 1.00949681  0.596  0.007 0 0
 1.00949681  0.02  0.007 0 1
8
 1.00949681  0.02  0.007 0 1
 1.180220718  0.02  0.007 1 1
 1.180220718  0.596  0.007 1 0
8
// szyba 4 - front
 1.00949681  0.02  0.004 0 1
 1.00949681  0.596  0.004 0 0
 1.180220718 0.596  0.004 1 0
8
 1.180220718  0.596  0.004 1 0
 1.180220718  0.02  0.004 1 1
 1.00949681  0.02  0.004 0 1
8

// szyba 5 - tyl
 1.584607166 0.596  0.007 1 0
 1.235220716  0.596  0.007 0 0
 1.235220716  0.02  0.007 0 1
8
 1.235220716  0.02  0.007 0 1
 1.584607166  0.02  0.007 1 1
 1.584607166  0.596  0.007 1 0
8
// szyba 5 - front
 1.235220716  0.02  0.004 0 1
 1.235220716  0.596  0.004 0 0
 1.584607166 0.596  0.004 1 0
8
 1.584607166  0.596  0.004 1 0
 1.584607166  0.02  0.004 1 1
 1.235220716  0.02  0.004 0 1
8

// szyba 6 - tyl
 1.7454 0.596  0.007 1 0
 1.604607166  0.596  0.007 0 0
 1.604607166  0.02  0.007 0 1
8
 1.604607166  0.02  0.007 0 1
 1.7454  0.02  0.007 1 1
 1.7454  0.596  0.007 1 0
8
// szyba 6 - front
 1.604607166  0.02  0.004 0 1
 1.604607166  0.596  0.004 0 0
 1.7454 0.596  0.004 1 0
8
 1.7454  0.596  0.004 1 0
 1.7454  0.02  0.004 1 1
 1.604607166  0.02  0.004 0 1
8