
NUMPOLLIES 68
// wysokosc calej ramy - dwoch okien i 1 ram wynosi 0.43
// 0.02/rama, 0.185/okno
// 1.22
// dolna czesc ramy1
 0.0  0.02  0 1 0
 0.0  0.02  1.22 0 0
 0.0  0.0  1.22 0 1
9
 0.0  0.0  1.22 0 1
 0.0  0.0  0 1 1
 0.0  0.02  0 1 0
9
// dolna czesc ramy
 -0.011  0.0  1.22 0 1
 -0.011  0.02  1.22 0 0
 -0.011  0.02  0 1 0
9
 -0.011  0.02  0 1 0
 -0.011  0.0  0 1 1
 -0.011  0.0  1.22 0 1
9
// gorna czesc ramy 1
 -0.004  0.02  0.02 0 1
 -0.004  0.02  1.2 0 0
 0.0  0.02  1.2 1 0
 9
 0.0  0.02  1.2 1 0
 0.0  0.02  0.02 1 1
 -0.004  0.02  0.02 0 1
 9
// gorna czesc ramy 2
 -0.011  0.02  0.02 0 1
 -0.011  0.02  1.2 0 0
 -0.007  0.02  1.2 1 0
 9
 -0.007  0.02  1.2 1 0
 -0.007  0.02  0.02 1 1
 -0.011  0.02  0.02 0 1
 9

// pion1A
 0.0  0.205  0 1 0
 0.0  0.205  0.02 0 0
 0.0  0.02  0.02 0 1
9
 0.0  0.02  0.02 0 1
 0.0  0.02  0 1 1
 0.0  0.205  0 1 0
9
// pion1B
 -0.011  0.02  0.02 0 1
 -0.011  0.205  0.02 0 0
 -0.011  0.205  0 1 0
9
 -0.011  0.205  0 1 0
 -0.011  0.02  0 1 1
 -0.011  0.02  0.02 0 1
9

// pion4A
 0.0  0.205  1.2 1 0
 0.0  0.205  1.22 0 0
 0.0  0.02  1.22 0 1
9
 0.0  0.02  1.22 0 1
 0.0  0.02  1.2 1 1
 0.0  0.205  1.2 1 0
9
// pion4B
 -0.011  0.02  1.22 0 1
 -0.011  0.205  1.22 0 0
 -0.011  0.205  1.2 1 0
9
 -0.011  0.205  1.2 1 0
 -0.011  0.02  1.2 1 1
 -0.011  0.02  1.22 0 1
9

// pion2A
 0.0  0.205  0.4 1 0
 0.0  0.205  0.42 0 0
 0.0  0.02  0.42 0 1
9
 0.0  0.02  0.42 0 1
 0.0  0.02  0.4 1 1
 0.0  0.205  0.4 1 0
9
// pion2B
 -0.011  0.02  0.42 0 1
 -0.011  0.205  0.42 0 0
 -0.011  0.205  0.4 1 0
9
 -0.011  0.205  0.4 1 0
 -0.011  0.02  0.4 1 1
 -0.011  0.02  0.42 0 1
9
// pion3A
 0.0  0.205  0.8 1 0
 0.0  0.205  0.82 0 0
 0.0  0.02  0.82 0 1
9
 0.0  0.02  0.82 0 1
 0.0  0.02  0.8 1 1
 0.0  0.205  0.8 1 0
9
// pion3B
 -0.011  0.02  0.82 0 1
 -0.011  0.205  0.82 0 0
 -0.011  0.205  0.8 1 0
9
 -0.011  0.205  0.8 1 0
 -0.011  0.02  0.8 1 1
 -0.011  0.02  0.82 0 1
9

// dodatkowe czesci "spodu"
// gorna czesc ramy 1
 0.0  0.205  1.2 1 0
 -0.004  0.205  1.2 0 0
 -0.004  0.205  0.02 0 1
 9
 -0.004  0.205  0.02 0 1
 0.0  0.205  0.02 1 1
 0.0  0.205  1.2 1 0
 9
// gorna czesc ramy 2
 -0.007  0.205  1.2 1 0
 -0.011  0.205  1.2 0 0
 -0.011  0.205  0.02 0 1
 9
 -0.011  0.205  0.02 0 1
 -0.007  0.205  0.02 1 1
 -0.007  0.205  1.2 1 0
 9

// pion1_wnetrzeA
 0.0  0.205  0.02 1 0
 -0.004  0.205  0.02 0 0
 -0.004  0.02  0.02 0 1
9
 -0.004  0.02  0.02 0 1
 0.0  0.02  0.02 1 1
 0.0  0.205  0.02 1 0
9
// pion1_wnetrzeB
 -0.007  0.205  0.02 1 0
 -0.011  0.205  0.02 0 0
 -0.011  0.02  0.02 0 1
9
 -0.011  0.02  0.02 0 1
 -0.007  0.02  0.02 1 1
 -0.007  0.205  0.02 1 0
9

// pion2_wnetrzeA
 0.0  0.205  0.42 1 0
 -0.004  0.205  0.42 0 0
 -0.004  0.02  0.42 0 1
9
 -0.004  0.02  0.42 0 1
 0.0  0.02  0.42 1 1
 0.0  0.205  0.42 1 0
9
// pion2_wnetrzeB
 -0.007  0.205  0.42 1 0
 -0.011  0.205  0.42 0 0
 -0.011  0.02  0.42 0 1
9
 -0.011  0.02  0.42 0 1
 -0.007  0.02  0.42 1 1
 -0.007  0.205  0.42 1 0
9

// pion3_wnetrzeA
 0.0  0.205  0.82 1 0
 -0.004  0.205  0.82 0 0
 -0.004  0.02  0.82 0 1
9
 -0.004  0.02  0.82 0 1
 0.0  0.02  0.82 1 1
 0.0  0.205  0.82 1 0
9
// pion3_wnetrzeB
 -0.007  0.205  0.82 1 0
 -0.011  0.205  0.82 0 0
 -0.011  0.02  0.82 0 1
9
 -0.011  0.02  0.82 0 1
 -0.007  0.02  0.82 1 1
 -0.007  0.205  0.82 1 0
9

// pion2_wnetrzetylA
 -0.004  0.02  0.4 0 1
 -0.004  0.205  0.4 0 0
 0.0  0.205  0.4 1 0
9
 0.0  0.205  0.4 1 0
 0.0  0.02  0.4 1 1
 -0.004  0.02  0.4 0 1
9
// pion2_wnetrzetylB
 -0.011  0.02  0.4 0 1
 -0.011  0.205  0.4 0 0
 -0.007  0.205  0.4 1 0
9
 -0.007  0.205  0.4 1 0
 -0.007  0.02  0.4 1 1
 -0.011  0.02  0.4 0 1
9
// pion3_wnetrzetylA
 -0.004  0.02  0.8 0 1
 -0.004  0.205  0.8 0 0
 0.0  0.205  0.8 1 0
9
 0.0  0.205  0.8 1 0
 0.0  0.02  0.8 1 1
 -0.004  0.02  0.8 0 1
9
// pion3_wnetrzetylB
 -0.011  0.02  0.8 0 1
 -0.011  0.205  0.8 0 0
 -0.007  0.205  0.8 1 0
9
 -0.007  0.205  0.8 1 0
 -0.007  0.02  0.8 1 1
 -0.011  0.02  0.8 0 1
9
// pion2_wnetrzetylA
 -0.004  0.02  1.2 0 1
 -0.004  0.205  1.2 0 0
 0.0  0.205  1.2 1 0
9
 0.0  0.205  1.2 1 0
 0.0  0.02  1.2 1 1
 -0.004  0.02  1.2 0 1
9
// pion2_wnetrzetylB
 -0.011  0.02  1.2 0 1
 -0.011  0.205  1.2 0 0
 -0.007  0.205  1.2 1 0
9
 -0.007  0.205  1.2 1 0
 -0.007  0.02  1.2 1 1
 -0.011  0.02  1.2 0 1
9

// czarny pasek1
 -0.007  0.02  1.2 0 1
 -0.007  0.205  1.2 0 0
 -0.004  0.205  1.2 1 0
5
 -0.004  0.205  1.2 1 0
 -0.004  0.02  1.2 1 1
 -0.007  0.02  1.2 0 1
5
// czarny pasek2
 -0.007  0.02  0.8 0 1
 -0.007  0.205  0.8 0 0
 -0.004  0.205  0.8 1 0
5
 -0.004  0.205  0.8 1 0
 -0.004  0.02  0.8 1 1
 -0.007  0.02  0.8 0 1
5
// czarny pasek3
 -0.007  0.02  0.82 0 1
 -0.007  0.205  0.82 0 0
 -0.004  0.205  0.82 1 0
5
 -0.004  0.205  0.82 1 0
 -0.004  0.02  0.82 1 1
 -0.007  0.02  0.82 0 1
5
// czarny pasek4
 -0.007  0.02  0.42 0 1
 -0.007  0.205  0.42 0 0
 -0.004  0.205  0.42 1 0
5
 -0.004  0.205  0.42 1 0
 -0.004  0.02  0.42 1 1
 -0.007  0.02  0.42 0 1
5
// czarny pasek5
 -0.007  0.02  0.4 0 1
 -0.007  0.205  0.4 0 0
 -0.004  0.205  0.4 1 0
5
 -0.004  0.205  0.4 1 0
 -0.004  0.02  0.4 1 1
 -0.007  0.02  0.4 0 1
5
// czarny pasek6
 -0.007  0.02  0.02 0 1
 -0.007  0.205  0.02 0 0
 -0.004  0.205  0.02 1 0
5
 -0.004  0.205  0.02 1 0
 -0.004  0.02  0.02 1 1
 -0.007  0.02  0.02 0 1
5

// dlugi czarny pasek
 -0.007  0.02  0.02 0 1
 -0.007  0.02  1.2 0 0
 -0.004  0.02  1.2 1 0
 5
 -0.004  0.02  1.2 1 0
 -0.004  0.02  0.02 1 1
 -0.007  0.02  0.02 0 1
 5
// dlugi czarny pasek2
 -0.007  0.205  0.02 0 1
 -0.007  0.205  1.2 0 0
 -0.004  0.205  1.2 1 0
 5
 -0.004  0.205  1.2 1 0
 -0.004  0.205  0.02 1 1
 -0.007  0.205  0.02 0 1
 5