

NUMPOLLIES 8


// rama_A
 0.00  0.01  0 0 1
 0.00  0.75  0 0 0
-0.01  0.75  0 1 0
 5

-0.01  0.75  0 1 0
-0.01  0.01  0 1 1
 0.00  0.01  0 0 1
 5

// rama_B
-0.01  0.01  0 0 1
-0.01  0.75  0 0 0
-0.01  0.75  0.01 1 0
 5

-0.01  0.75  0.01 1 0
-0.01  0.01  0.01 1 1
-0.01  0.01  0 0 1
 5

// rama_C
-0.01  0.01  0.01 0 1
-0.01  0.75  0.01 0 0
 0.00  0.75  0.01 1 0
 5

 0.00  0.75  0.01 1 0
 0.00  0.01  0.01 1 1
-0.01  0.01  0.01 0 1
 5

// rama_D
 0.00  0.01  0.01 0 1
 0.00  0.75  0.01 0 0
 0.00  0.75  0 1 0
 5

 0.00  0.75  0 1 0
 0.00  0.01  0 1 1
 0.00  0.01  0.01 0 1
 5
