
NUMPOLLIES 102
// srodkowa_pozioma_A
 0  0.70444  0 0 1
 0  0.72444  0 0 0
 0.95  0.72444  0 1 0
 9

 0.95  0.72444  0 1 0
 0.95  0.70444  0 1 1
 0  0.70444  0 0 1
 9

// srodkowa_pozioma_C
 0.95  0.70444  0.011 0 1
 0.95  0.72444  0.011 0 0
 0  0.72444  0.011 1 0
 9

 0  0.72444  0.011 1 0
 0  0.70444  0.011 1 1
 0.95  0.70444  0.011 0 1
 9

// srodkowa_pozioma_E
 0  0.70444  0.011 0 1
 0  0.70444  0 0 0
 0.95  0.70444  0 1 0
 9

 0.95  0.70444  0 1 0
 0.95  0.70444  0.011 1 1
 0  0.70444  0.011 0 1
 9

// srodkowa_pozioma_F
 0  0.72444  0 0 1
 0  0.72444  0.004 0 0
 0.95  0.72444  0.004 1 0
 9

 0.95  0.72444  0.004 1 0
 0.95  0.72444  0 1 1
 0  0.72444  0 0 1
 9

// srodkowa_pozioma_F2
 0  0.72444  0.007 0 1
 0  0.72444  0.011 0 0
 0.95  0.72444  0.011 1 0
 9

 0.95  0.72444  0.011 1 0
 0.95  0.72444  0.007 1 1
 0  0.72444  0.007 0 1
 9

// gorna_pozioma_A
 0  1.22  0 0 1
 0  1.24  0 0 0
 0.95  1.24  0 1 0
 9

 0.95  1.24  0 1 0
 0.95  1.22  0 1 1
 0  1.22  0 0 1
 9

// gorna_pozioma_C
 0.95  1.22  0.011 0 1
 0.95  1.24  0.011 0 0
 0  1.24  0.011 1 0
 9

 0  1.24  0.011 1 0
 0  1.22  0.011 1 1
 0.95  1.22  0.011 0 1
 9


// gorna_pozioma_E
 0  1.22  0.011 0 1
 0  1.22  0.007 0 0
 0.95  1.22  0.007 1 0
 9

 0.95  1.22  0.007 1 0
 0.95  1.22  0.011 1 1
 0  1.22  0.011 0 1
 9
// gorna_pozioma_E
 0  1.22  0.004 0 1
 0  1.22  0 0 0
 0.95  1.22  0 1 0
 9

 0.95  1.22  0 1 0
 0.95  1.22  0.004 1 1
 0  1.22  0.004 0 1
 9

// belki pionowe okien nad wlasciwymi drzwiami

// gorna_lewa_pionowa_A
 0  0.72444  0 0 1
 0  1.22  0 0 0
 0.02  1.22  0 1 0
 9

 0.02  1.22  0 1 0
 0.02  0.72444  0 1 1
 0  0.72444  0 0 1
 9

// gorna_lewa_pionowa_B
 0.02  0.72444  0 0 1
 0.02  1.22  0 0 0
 0.02  1.22  0.004 1 0
 9

 0.02  1.22  0.004 1 0
 0.02  0.72444  0.004 1 1
 0.02  0.72444  0 0 1
 9
// gorna_druga_pionowa_A
 0.31  0.72444  0 0 1
 0.31  1.22  0 0 0
 0.33  1.22  0 1 0
 9

 0.33  1.22  0 1 0
 0.33  0.72444  0 1 1
 0.31  0.72444  0 0 1
 9

// gorna_druga_pionowa_B
 0.33  0.72444  0 0 1
 0.33  1.22  0 0 0
 0.33  1.22  0.004 1 0
 9

 0.33  1.22  0.004 1 0
 0.33  0.72444  0.004 1 1
 0.33  0.72444  0 0 1
 9

// gorna_druga_pionowa_D
 0.31  0.72444  0.004 0 1
 0.31  1.22  0.004 0 0
 0.31  1.22  0 1 0
 9

 0.31  1.22  0 1 0
 0.31  0.72444  0 1 1
 0.31  0.72444  0.004 0 1
 9

// gorna_trzecia_pionowa_A
 0.62  0.72444  0 0 1
 0.62  1.22  0 0 0
 0.64  1.22  0 1 0
 9

 0.64  1.22  0 1 0
 0.64  0.72444  0 1 1
 0.62  0.72444  0 0 1
 9

// gorna_trzecia_pionowa_B
 0.64  0.72444  0 0 1
 0.64  1.22  0 0 0
 0.64  1.22  0.004 1 0
 9

 0.64  1.22  0.004 1 0
 0.64  0.72444  0.004 1 1
 0.64  0.72444  0 0 1
 9


// gorna_trzecia_pionowa_D
 0.62  0.72444  0.004 0 1
 0.62  1.22  0.004 0 0
 0.62  1.22  0 1 0
 9

 0.62  1.22  0 1 0
 0.62  0.72444  0 1 1
 0.62  0.72444  0.004 0 1
 9

// gorna_czwarta_pionowa_A
 0.93  0.72444  0 0 1
 0.93  1.22  0 0 0
 0.95  1.22  0 1 0
 9

 0.95  1.22  0 1 0
 0.95  0.72444  0 1 1
 0.93  0.72444  0 0 1
 9
// gorna_czwarta_pionowa_D
 0.93  0.72444  0.004 0 1
 0.93  1.22  0.004 0 0
 0.93  1.22  0 1 0
 9

 0.93  1.22  0 1 0
 0.93  0.72444  0 1 1
 0.93  0.72444  0.004 0 1
 9

// ************************  druga czesc tych belek


// gorna_lewa_pionowa_B
 0.02  0.72444  0.007  0 1
 0.02  1.22  0.007 0 0
 0.02  1.22  0.011 1 0
 9

 0.02  1.22  0.011 1 0
 0.02  0.72444  0.011 1 1
 0.02  0.72444  0.007  0 1
 9

// gorna_lewa_pionowa_C
 0.02  0.72444  0.011 0 1
 0.02  1.22  0.011 0 0
 0  1.22  0.011 1 0
 9

 0  1.22  0.011 1 0
 0  0.72444  0.011 1 1
 0.02  0.72444  0.011 0 1
 9

// gorna_druga_pionowa_B
 0.33  0.72444  0.007  0 1
 0.33  1.22  0.007 0 0
 0.33  1.22  0.011 1 0
 9

 0.33  1.22  0.011 1 0
 0.33  0.72444  0.011 1 1
 0.33  0.72444  0.007  0 1
 9

// gorna_druga_pionowa_C
 0.33  0.72444  0.011 0 1
 0.33  1.22  0.011 0 0
 0.31  1.22  0.011 1 0
 9

 0.31  1.22  0.011 1 0
 0.31  0.72444  0.011 1 1
 0.33  0.72444  0.011 0 1
 9

// gorna_druga_pionowa_D
 0.31  0.72444  0.011 0 1
 0.31  1.22  0.011 0 0
 0.31  1.22  0.007 1 0
 9

 0.31  1.22  0.007 1 0
 0.31  0.72444  0.007  1 1
 0.31  0.72444  0.011 0 1
 9


// gorna_trzecia_pionowa_B
 0.64  0.72444  0.007  0 1
 0.64  1.22  0.007 0 0
 0.64  1.22  0.011 1 0
 9

 0.64  1.22  0.011 1 0
 0.64  0.72444  0.011 1 1
 0.64  0.72444  0.007  0 1
 9

// gorna_trzecia_pionowa_C
 0.64  0.72444  0.011 0 1
 0.64  1.22  0.011 0 0
 0.62  1.22  0.011 1 0
 9

 0.62  1.22  0.011 1 0
 0.62  0.72444  0.011 1 1
 0.64  0.72444  0.011 0 1
 9

// gorna_trzecia_pionowa_D
 0.62  0.72444  0.011 0 1
 0.62  1.22  0.011 0 0
 0.62  1.22  0.007 1 0
 9

 0.62  1.22  0.007 1 0
 0.62  0.72444  0.007  1 1
 0.62  0.72444  0.011 0 1
 9

// gorna_czwarta_pionowa_C
 0.95  0.72444  0.011 0 1
 0.95  1.22  0.011 0 0
 0.93  1.22  0.011 1 0
 9

 0.93  1.22  0.011 1 0
 0.93  0.72444  0.011 1 1
 0.95  0.72444  0.011 0 1
 9

// gorna_czwarta_pionowa_D
 0.93  0.72444  0.011 0 1
 0.93  1.22  0.011 0 0
 0.93  1.22  0.007 1 0
 9

 0.93  1.22  0.007 1 0
 0.93  0.72444  0.007  1 1
 0.93  0.72444  0.011 0 1
 9

// dolna ramka, poza drzwiami
// dolna ramka_C
 0.95  0.01  0.011 0 1
 0.95  0.70444  0.011 0 0
 0.93  0.70444  0.011 1 0
 9

 0.93  0.70444  0.011 1 0
 0.93  0.01  0.011 1 1
 0.95  0.01  0.011 0 1
 9

// dolna ramka_D
 0.93  0.01  0.011 0 1
 0.93  0.70444  0.011 0 0
 0.93  0.70444  0.007 1 0
 9

 0.93  0.70444  0.007 1 0
 0.93  0.01  0.007  1 1
 0.93  0.01  0.011 0 1
 9

// dolna ramka_D2
 0.93  0.01  0.004 0 1
 0.93  0.70444  0.004 0 0
 0.93  0.70444  0 1 0
 9

 0.93  0.70444  0 1 0
 0.93  0.01  0 1 1
 0.93  0.01  0.004 0 1
 9

//dolna ramka_A
 0.93  0.01  0 0 1
 0.93  0.70444  0 0 0
 0.95  0.70444  0 1 0
 9

 0.95  0.70444  0 1 0
 0.95  0.01  0 1 1
 0.93  0.01  0 0 1
 9


// druga czesc dolnej ramki, poza drzwiami
// druga czesc dolnej ramki_C
 0.64  0.01  0.011 0 1
 0.64  0.70444  0.011 0 0
 0.62  0.70444  0.011 1 0
 9

 0.62  0.70444  0.011 1 0
 0.62  0.01  0.011 1 1
 0.64  0.01  0.011 0 1
 9
// druga czesc dolnej ramki_D2
 0.62  -0.02  0.011 0 1
 0.62  0.70444  0.011 0 0
 0.62  0.70444  0 1 0
 9

 0.62  0.70444  0 1 0
 0.62  -0.02  0 1 1
 0.62  -0.02  0.011 0 1
 9

//druga czesc dolnej ramki_A
 0.62  0.01  0 0 1
 0.62  0.70444  0 0 0
 0.64  0.70444  0 1 0
 9

 0.64  0.70444  0 1 0
 0.64  0.01  0 1 1
 0.62  0.01  0 0 1
 9
// druga czesc dolenj ramki - siakias dodatkowa
 0.64  0.01  0.007  0 1
 0.64  0.70444  0.007 0 0
 0.64  0.70444  0.011 1 0
 9

 0.64  0.70444  0.011 1 0
 0.64  0.01  0.011 1 1
 0.64  0.01  0.007  0 1
 9
// druga czesc dodatkowa
 0.64  0.01  0 0 1
 0.64  0.70444  0 0 0
 0.64  0.70444  0.004 1 0
 9

 0.64  0.70444  0.004 1 0
 0.64  0.01  0.004 1 1
 0.64  0.01  0 0 1
 9

// przegroda_B
 0.6325  -0.02  0.011 0 1
 0.6325  1.24  0.011 0 0
 0.6325  1.24  0.022 1 0
 9

 0.6325  1.24  0.022 1 0
 0.6325  -0.02  0.022 1 1
 0.6325  -0.02  0.011 0 1
 9

// przegroda_C
 0.6325  -0.02  0.022 0 1
 0.6325  1.24  0.022 0 0
 0.6275  1.24  0.022 1 0
 9

 0.6275  1.24  0.022 1 0
 0.6275  -0.02  0.022 1 1
 0.6325  -0.02  0.022 0 1
 9

// przegroda_D
 0.6275  -0.02  0.022 0 1
 0.6275  1.24  0.022 0 0
 0.6275  1.24  0.011 1 0
 9

 0.6275  1.24  0.011 1 0
 0.6275  -0.02  0.011 1 1
 0.6275  -0.02  0.022 0 1
 9

// **** zupelnie dolna, poza drzwiami

// srodkowa_pozioma_A
 0.62  -0.02  0 0 1
 0.62  0.01  0 0 0
 0.95  0.01  0 1 0
 9

 0.95  0.01  0 1 0
 0.95  -0.02  0 1 1
 0.62  -0.02  0 0 1
 9

// srodkowa_pozioma_C
 0.95  -0.02  0.011 0 1
 0.95  0.01  0.011 0 0
 0.62  0.01  0.011 1 0
 9

 0.62  0.01  0.011 1 0
 0.62  -0.02  0.011 1 1
 0.95  -0.02  0.011 0 1
 9

// srodkowa_pozioma_F
 0.64  0.01  0 0 1
 0.64  0.01  0.004 0 0
 0.95  0.01  0.004 1 0
 9

 0.95  0.01  0.004 1 0
 0.95  0.01  0 1 1
 0.64  0.01  0 0 1
 9

// srodkowa_pozioma_F2
 0.64  0.01  0.007 0 1
 0.64  0.01  0.011 0 0
 0.95  0.01  0.011 1 0
 9

 0.95  0.01  0.011 1 0
 0.95  0.01  0.007 1 1
 0.64  0.01  0.007 0 1
 9

//druga czesc dolnej ramki_A
 0.64  0.45  0.0049 0 1
 0.64  0.5  0.0049 0 0
 0.93  0.5  0.0049 1 0
 11

 0.93  0.5  0.0049 1 0
 0.93  0.45  0.0049 1 1
 0.64  0.45  0.0049 0 1
 11
//druga czesc dolnej ramki_A
 0.93  0.5  0.0061 1 0
 0.64  0.5  0.0061 0 0
 0.64  0.45  0.0061 0 1
 11
 0.64  0.45  0.0061 0 1
 0.93  0.45  0.0061 1 1
 0.93  0.5  0.0061 1 0
 11
// poziomy szary pas
// lacznie trojkatow : 46

// SZYBY!
// szyba gora!
 0.93  0.71  0.005  1 0
 0.64  0.71  0.005 0 0
 0.64  0.01  0.005 0 1
 8
 0.64  0.01  0.005 0 1
 0.93  0.01  0.005  1 1
 0.93  0.71  0.005  1 0
 8
// szyba gora!
 0.64  0.01  0.006 0 1
 0.64  0.71  0.006 0 0
 0.93  0.71  0.006  1 0
 8
 0.93  0.71  0.006  1 0
 0.93  0.01  0.006  1 1
 0.64  0.01  0.006 0 1
 8

// szyba boczna-dolna!
 0.93  1.22  0.005  1 0
 0.02  1.22  0.005 0 0
 0.02  0.72  0.005 0 1
 8
 0.02  0.72  0.005 0 1
 0.93  0.72  0.005  1 1
 0.93  1.22  0.005  1 0
 8
// szyba boczna-dolna2!
 0.02  0.72  0.006 0 1
 0.02  1.22  0.006 0 0
 0.93  1.22  0.006  1 0
 8
 0.93  1.22  0.006  1 0
 0.93  0.72  0.006  1 1
 0.02  0.72  0.006 0 1
 8
