

NUMPOLLIES 324

// x - szerokosc okna, jednostkowa, x=0.36279
// scianka laczaca z sufitem
// SUFTIOS
 0.015  1.052  -0.01 1 0
 0.015  1.052 3.25 0 0
 0.015  1.02  3.25 0 1
9
 0.015  1.02  3.25 0 1
 0.015  1.02  -0.01 1 1
 0.015  1.052  -0.01 1 0
9

// pionowa_szara_D
0.02  1.01  3.23992 1 0
0.02  1.01  3.24992 0 0
0.02  0  3.24992 0 1
 9
0.02  0  3.24992 0 1
0.02  0  3.23992 1 1
0.02  1.01  3.23992 1 0
 9

// pionowa_szara_D
0.02  1.01  0.00 1 0
0.02  1.01  0.01 0 0
0.02  0.0  0.01 0 1
 9
0.02  0.0  0.01 0 1
0.02  0.0  0.00 1 1
0.02  1.01  0.00 1 0
 9

// pionowa_szara_D
-0.015  -0.006  0.00 0 1
-0.015  1.02  0.00 0 0
0.02  1.02  0.00 1 0
 9
0.02  1.02  0.00 1 0
0.02  -0.006  0.00 1 1
-0.015  -0.006  0.00 0 1
 9

// pozioma_1
0.02  0.754  0.01 1 0
0.02  0.754  3.23992 0 0
0.02  0.744  3.23992 0 1
 9
0.02  0.744  3.23992 0 1
0.02  0.744  0.01 1 1
0.02  0.754  0.01 1 0
 9
// pozioma_2
0.02  1.02  0.0 1 0
0.02  1.02  3.24992 0 0
0.02  1.01  3.24992 0 1
 9
0.02  1.01  3.24992 0 1
0.02  1.01  0.0 1 1
0.02  1.02  0.0 1 0
 9
// dolny dziwny pasek (podstawie)
// pozioma_3 (dolna prawa)
0.02  0.004  0.0 1 0
0.02  0.004  0.75558 0 0
0.02  -0.006  0.75558 0 1
 9
0.02  -0.006  0.75558 0 1
0.02  -0.006  0.0 1 1
0.02  0.004  0.0 1 0
 9
// dodatkowa1 (dolna prawa)
0.015  0.004  0.0 1 0
0.015  0.004  0.75558 0 0
0.02  0.004  0.75558 0 1
 9
0.02  0.004  0.75558 0 1
0.02  0.004  0.0 1 1
0.015  0.004  0.0 1 0
 9
// dodatkowa2 (dolna prawa) - zewnetrzny cyp
0.02  -0.006  0.75558 0 1
0.02  0.004  0.75558 0 0
0.015  0.004  0.75558 1 0
 9
0.015  0.004  0.75558 1 0
0.015  -0.006  0.75558 1 1
0.02  -0.006  0.75558 0 1
 9
// SRODKOWY PAS NA DOLE
// dolny dziwny pasek (podstawie)
// pozioma_3 (dolna srodek)
0.02  0.004  1.4086 1 0
0.02  0.004  1.7913 0 0
0.02  -0.006  1.7913 0 1
 9
0.02  -0.006  1.7913 0 1
0.02  -0.006  1.4086 1 1
0.02  0.004 1.4086 1 0
 9
// dodatkowa1 (dolna srodek)
0.015  0.004  1.4086 1 0
0.015  0.004  1.7913 0 0
0.02  0.004  1.7913 0 1
 9
0.02  0.004  1.7913 0 1
0.02  0.004  1.4086 1 1
0.015  0.004  1.4086 1 0
 9
// dodatkowa2 (dolna srodek) - zewnetrzny cyp
0.02  -0.006  1.7913 0 1
0.02  0.004  1.7913 0 0
0.015  0.004  1.7913 1 0
 9
0.015  0.004  1.7913 1 0
0.015  -0.006  1.7913 1 1
0.02  -0.006  1.7913 0 1
 9
// dodatkowa2 (dolna srodek) - zewnetrzny cyp2
0.015  0.004  1.4086 1 0
0.02  0.004  1.4086 0 0
0.02  -0.006  1.4086 0 1
 9
0.02  -0.006  1.4086 0 1
0.015  -0.006  1.4086 1 1
0.015  0.004  1.4086 1 0
 9
// ************ LEWE NA DOLE
// dolna dziwna prawa
// pozioma_3 (dolna lewa)
0.02  0.004  2.444322 1 0
0.02  0.004  3.24992 0 0
0.02  -0.006  3.24992 0 1
 9
0.02  -0.006  3.24992 0 1
0.02  -0.006 2.444322 1 1
0.02  0.004  2.444322 1 0
 9
// dodatkowa1 (dolna lewa)
0.015  0.004  2.444322 1 0
0.015  0.004  3.24992 0 0
0.02  0.004  3.24992 0 1
 9
0.02  0.004  3.24992 0 1
0.02  0.004  2.444322 1 1
0.015  0.004 2.444322 1 0
 9
// dodatkowa2 (dolna lewa) - zewnetrzny cyp
0.015  0.004  2.444322 1 0
0.02  0.004  2.444322 0 0
0.02  -0.006  2.444322 0 1
 9
0.02  -0.006  2.444322 0 1
0.015  -0.006  2.444322 1 1
0.015  0.004  2.444322 1 0
 9
// ********** kuniec dolnych


// srodek poziom F
0.015  0.754  0.0 1 0
0.015  0.754  3.24992 0 0
0.02  0.754  3.24992 0 1
 9
0.02  0.754  3.24992 0 1
0.02  0.754  0.0 1 1
0.015  0.754  0.0 1 0
 9
// dodatkowa szczytowka ramy2
0.02  1.01  3.24992 0 1
0.015  1.01  3.24992 0 0
0.015  1.01  0.0 1 0
 9
0.015  1.01  0.0 1 0
0.02  1.01  0.0 1 1
0.02  1.01  3.24992 0 1
 9
// dodatkowa srodkowa ramy
0.02  0.744  3.24992 0 1
0.015  0.744  3.24992 0 0
0.015  0.744  0.0 1 0
 9
0.015  0.744  0.0 1 0
0.02  0.744  0.0 1 1
0.02  0.744  3.24992 0 1
 9
// pionowa_szara_D1
0.02  1.01  0.01 1 0
0.015  1.01  0.01 0 0
0.015  0  0.01 0 1
 9
0.015  0  0.01 0 1
0.02  0  0.01 1 1
0.02  1.01  0.01 1 0
 9

// Pionowa gdzies tam na poczatku
0.015  1.01  3.23992 1 0
0.02  1.01  3.23992 0 0
0.02  0.0 3.23992 0 1
9
0.02  0.0  3.23992 0 1
0.015  0.0  3.23992 1 1
0.015  1.01   3.23992 1 0
9

// pionowe gornej czesci
// ************* trzecua od prawej
// B
0.02  1.01  0.74558 1 0
0.02  1.01  0.75558 0 0
0.02  0.754  0.75558 0 1
 9
0.02  0.754  0.75558 0 1
0.02  0.754  0.74558 1 1
0.02  1.01  0.74558 1 0
 9
// C
0.015  1.01  0.74558 1 0
0.02  1.01  0.74558 0 0
0.02  0.754  0.74558 0 1
 9
0.02  0.754  0.74558 0 1
0.015  0.754  0.74558 1 1
0.015  1.01  0.74558 1 0
 9
// A
0.02  0.754  0.75558 0 1
0.02  1.01  0.75558 0 0
0.015  1.01  0.75558 1 0
 9
0.015  1.01  0.75558 1 0
0.015  0.754  0.75558 1 1
0.02  0.754  0.75558 0 1
 9

// ************ druga od prawej
// B
0.02  1.01  0.37279 1 0
0.02  1.01  0.38279 0 0
0.02  0.754  0.38279 0 1
 9
0.02  0.754  0.38279 0 1
0.02  0.754  0.37279 1 1
0.02  1.01  0.37279 1 0
 9
// C
0.015  1.01  0.37279 1 0
0.02  1.01  0.37279 0 0
0.02  0.754  0.37279 0 1
 9
0.02  0.754  0.37279 0 1
0.015  0.754  0.37279 1 1
0.015  1.01  0.37279 1 0
 9
// A
0.02  0.754  0.38279 0 1
0.02  1.01  0.38279 0 0
0.015  1.01  0.38279 1 0
 9
0.015  1.01  0.38279 1 0
0.015  0.754  0.38279 1 1
0.02  0.754  0.38279 0 1
 9
// ************ czwarta od prawej
// B
0.02  1.01  1.4086 1 0
0.02  1.01  1.4186 0 0
0.02  0.754  1.4186 0 1
 9
0.02  0.754  1.4186 0 1
0.02  0.754  1.4086 1 1
0.02  1.01  1.4086 1 0
 9
// C
0.015  1.01  1.4086 1 0
0.02  1.01  1.4086 0 0
0.02  0.754  1.4086 0 1
 9
0.02  0.754  1.4086 0 1
0.015  0.754  1.4086 1 1
0.015  1.01  1.4086 1 0
 9
// A
0.02  0.754  1.4186 0 1
0.02  1.01  1.4186 0 0
0.015  1.01  1.4186 1 0
 9
0.015  1.01  1.4186 1 0
0.015  0.754  1.4186 1 1
0.02  0.754  1.4186 0 1
 9
// ************ piata od prawej
// B
0.02  1.01  1.4086 1 0
0.02  1.01  1.4186 0 0
0.02  0.754  1.4186 0 1
 9
0.02  0.754  1.4186 0 1
0.02  0.754  1.4086 1 1
0.02  1.01  1.4086 1 0
 9
// C
0.015  1.01  1.4086 1 0
0.02  1.01  1.4086 0 0
0.02  0.754  1.4086 0 1
 9
0.02  0.754  1.4086 0 1
0.015  0.754  1.4086 1 1
0.015  1.01  1.4086 1 0
 9
// A
0.02  0.754  1.4186 0 1
0.02  1.01  1.4186 0 0
0.015  1.01  1.4186 1 0
 9
0.015  1.01  1.4186 1 0
0.015  0.754  1.4186 1 1
0.02  0.754  1.4186 0 1
 9
// ************ szosta od prawej
// B
0.02  1.01  1.7813 1 0
0.02  1.01  1.7913 0 0
0.02  0.754  1.7913 0 1
 9
0.02  0.754  1.7913 0 1
0.02  0.754  1.7813 1 1
0.02  1.01  1.7813 1 0
 9
// C
0.015  1.01  1.7813 1 0
0.02  1.01  1.7813 0 0
0.02  0.754  1.7813 0 1
 9
0.02  0.754  1.7813 0 1
0.015  0.754  1.7813 1 1
0.015  1.01  1.7813 1 0
 9
// A
0.02  0.754  1.7913 0 1
0.02  1.01  1.7913 0 0
0.015  1.01  1.7913 1 0
 9
0.015  1.01  1.7913 1 0
0.015  0.754  1.7913 1 1
0.02  0.754  1.7913 0 1
 9
// ************ siodma od prawej
// B
0.02  1.01  2.444322 1 0
0.02  1.01  2.454322 0 0
0.02  0.754  2.454322 0 1
 9
0.02  0.754  2.454322 0 1
0.02  0.754  2.444322 1 1
0.02  1.01  2.444322 1 0
 9
// C
0.015  1.01  2.444322 1 0
0.02  1.01  2.444322 0 0
0.02  0.754  2.444322 0 1
 9
0.02  0.754  2.444322 0 1
0.015  0.754  2.444322 1 1
0.015  1.01  2.444322 1 0
 9
// A
0.02  0.754  2.454322 0 1
0.02  1.01  2.454322 0 0
0.015  1.01  2.454322 1 0
 9
0.015  1.01  2.454322 1 0
0.015  0.754  2.454322 1 1
0.02  0.754  2.454322 0 1
 9
// ************ osma od prawej
// B
0.02  1.01  2.827112 1 0
0.02  1.01  2.837112 0 0
0.02  0.754  2.837112 0 1
 9
0.02  0.754  2.837112 0 1
0.02  0.754  2.827112 1 1
0.02  1.01  2.827112 1 0
 9
// C
0.015  1.01  2.827112 1 0
0.02  1.01  2.827112 0 0
0.02  0.754  2.827112 0 1
 9
0.02  0.754  2.827112 0 1
0.015  0.754  2.827112 1 1
0.015  1.01  2.827112 1 0
 9
// A
0.02  0.754  2.837112 0 1
0.02  1.01  2.837112 0 0
0.015  1.01  2.837112 1 0
 9
0.015  1.01  2.837112 1 0
0.015  0.754  2.837112 1 1
0.02  0.754  2.837112 0 1
 9

// poczatek SZYB
// CZARNE PASY

// gora i dol
// w gore
0.012  0.754  0.01 1 0
0.012  0.754  3.23992 0 0
0.015  0.754  3.23992 0 1
 5
0.015  0.754  3.23992 0 1
0.015  0.754  0.01 1 1
0.012  0.754  0.01 1 0
 5
// w dol
0.015  1.01  3.23992 0 1
0.012  1.01  3.23992 0 0
0.012  1.01  0.01 1 0
 5
0.012  1.01  0.01 1 0
0.015  1.01  0.01 1 1
0.015  1.01  3.23992 0 1
 5

// *************** 1
// C
0.012  1.01  2.827112 1 0
0.015  1.01  2.827112 0 0
0.015  0.754  2.827112 0 1
5
0.015  0.754  2.827112 0 1
0.012  0.754  2.827112 1 1
0.012  1.01  2.827112 1 0
5
// A
0.015  0.754  2.837112 0 1
0.015  1.01  2.837112 0 0
0.012  1.01  2.837112 1 0
5
0.012  1.01  2.837112 1 0
0.012  0.754  2.837112 1 1
0.015  0.754  2.837112 0 1
5
// ***************** 2
// C
0.012  1.01  2.444322 1 0
0.015  1.01  2.444322 0 0
0.015  0.754  2.444322 0 1
5
0.015  0.754  2.444322 0 1
0.012  0.754  2.444322 1 1
0.012  1.01  2.444322 1 0
5
// A
0.015  0.754  2.454322 0 1
0.015  1.01  2.454322 0 0
0.012  1.01  2.454322 1 0
5
0.012  1.01  2.454322 1 0
0.012  0.754  2.454322 1 1
0.015  0.754  2.454322 0 1
5
// ***************** 3
// C
0.012  1.01  1.7813 1 0
0.015  1.01  1.7813 0 0
0.015  0.754  1.7813 0 1
5
0.015  0.754  1.7813 0 1
0.012  0.754  1.7813 1 1
0.012  1.01  1.7813 1 0
5
// A
0.015  0.754  1.7913 0 1
0.015  1.01  1.7913 0 0
0.012  1.01  1.7913 1 0
5
0.012  1.01  1.7913 1 0
0.012  0.754  1.7913 1 1
0.015  0.754  1.7913 0 1
5
// ***************** 4
// C
0.012  1.01  1.4086 1 0
0.015  1.01  1.4086 0 0
0.015  0.754  1.4086 0 1
5
0.015  0.754  1.4086 0 1
0.012  0.754  1.4086 1 1
0.012  1.01  1.4086 1 0
5
// A
0.015  0.754 1.4186 0 1
0.015  1.01  1.4186 0 0
0.012  1.01  1.4186 1 0
5
0.012  1.01  1.4186 1 0
0.012  0.754 1.4186 1 1
0.015  0.754 1.4186 0 1
5
// ***************** 5
// C
0.012  1.01  0.74558 1 0
0.015  1.01  0.74558 0 0
0.015  0.754  0.74558 0 1
5
0.015  0.754  0.74558 0 1
0.012  0.754  0.74558 1 1
0.012  1.01  0.74558 1 0
5
// A
0.015  0.754 0.75558 0 1
0.015  1.01  0.75558 0 0
0.012  1.01  0.75558 1 0
5
0.012  1.01  0.75558 1 0
0.012  0.754 0.75558 1 1
0.015  0.754 0.75558 0 1
5
// ***************** 6
// C
0.012  1.01  0.37279 1 0
0.015  1.01  0.37279 0 0
0.015  0.754  0.37279 0 1
5
0.015  0.754  0.37279 0 1
0.012  0.754  0.37279 1 1
0.012  1.01 0.37279 1 0
5
// A
0.015  0.754 0.38279 0 1
0.015  1.01  0.38279 0 0
0.012  1.01  0.38279 1 0
5
0.012  1.01  0.38279 1 0
0.012  0.754 0.38279 1 1
0.015  0.754 0.38279 0 1
5
// ***************** poczatek i koniec
// C
0.012  1.01  3.23992 1 0
0.015  1.01  3.23992 0 0
0.015  0.754  3.23992 0 1
5
0.015  0.754  3.23992 0 1
0.012  0.754  3.23992 1 1
0.012  1.01  3.23992 1 0
5
// A
0.015  0.754 0.01 0 1
0.015  1.01   0.01 0 0
0.012  1.01  0.01 1 0
5
0.012  1.01   0.01 1 0
0.012  0.754  0.01 1 1
0.015  0.754  0.01 0 1
5

// ****************** SZYBY

// *********** szyby #1
// A
0.015  1.01  0.01 1 0
0.015  1.01  0.37279 0 0
0.015  0.754  0.37279 0 1
8
0.015  0.754  0.37279 0 1
0.015  0.754  0.01 1 1
0.015  1.01  0.01 1 0
8
// B
0.012  0.754  0.37279 0 1
0.012  1.01  0.37279 0 0
0.012  1.01  0.01 1 0
8
0.012  1.01  0.01 1 0
0.012  0.754  0.01 1 1
0.012  0.754  0.37279 0 1
8
// *********** szyby #2
// A
0.015  1.01  0.38279 1 0
0.015  1.01  0.74558 0 0
0.015  0.754  0.74558 0 1
8
0.015  0.754  0.74558 0 1
0.015  0.754  0.38279 1 1
0.015  1.01  0.38279 1 0
8
// B
0.012  0.754  0.74558 0 1
0.012  1.01  0.74558 0 0
0.012  1.01  0.38279 1 0
8
0.012  1.01  0.38279 1 0
0.012  0.754  0.38279 1 1
0.012  0.754  0.74558 0 1
8
// *********** szyby #3
// A
0.015  1.01  0.75558 1 0
0.015  1.01 1.4086 0 0
0.015  0.754  1.4086 0 1
8
0.015  0.754  1.4086 0 1
0.015  0.754  0.75558 1 1
0.015  1.01  0.75558 1 0
8
// B
0.012  0.754  1.4086 0 1
0.012  1.01  1.4086 0 0
0.012  1.01  0.75558 1 0
8
0.012  1.01  0.75558 1 0
0.012  0.754  0.75558 1 1
0.012  0.754  1.4086 0 1
8
// *********** szyby #4
// A
0.015  1.01  1.4186 1 0
0.015  1.01  1.7813 0 0
0.015  0.754  1.7813 0 1
8
0.015  0.754  1.7813 0 1
0.015  0.754  1.4186 1 1
0.015  1.01  1.4186 1 0
8
// B
0.012  0.754  1.7813 0 1
0.012  1.01  1.7813 0 0
0.012  1.01  1.4186 1 0
8
0.012  1.01  1.4186 1 0
0.012  0.754  1.4186 1 1
0.012  0.754  1.7813 0 1
8
// *********** szyby #5
// A
0.015  1.01  1.7913 1 0
0.015  1.01  2.444322 0 0
0.015  0.754  2.444322 0 1
8
0.015  0.754  2.444322 0 1
0.015  0.754  1.7913 1 1
0.015  1.01  1.7913 1 0
8
// B
0.012  0.754  2.444322 0 1
0.012  1.01  2.444322 0 0
0.012  1.01  1.7913 1 0
8
0.012  1.01  1.7913 1 0
0.012  0.754  1.7913 1 1
0.012  0.754  2.444322 0 1
8
// *********** szyby #6
// A
0.015  1.01  2.454322 1 0
0.015  1.01  2.827112 0 0
0.015  0.754  2.827112 0 1
8
0.015  0.754  2.827112 0 1
0.015  0.754  2.454322 1 1
0.015  1.01  2.454322 1 0
8
// B
0.012  0.754  2.827112 0 1
0.012  1.01  2.827112 0 0
0.012  1.01  2.454322 1 0
8
0.012  1.01  2.454322 1 0
0.012  0.754  2.454322 1 1
0.012  0.754  2.827112 0 1
8
// *********** szyby #7
// A
0.015  1.01  2.837112 1 0
0.015  1.01  3.23992 0 0
0.015  0.754  3.23992 0 1
8
0.015  0.754  3.23992 0 1
0.015  0.754  2.837112 1 1
0.015  1.01  2.837112 1 0
8
// B
0.012  0.754  3.23992 0 1
0.012  1.01  3.23992 0 0
0.012  1.01  2.837112 1 0
8
0.012  1.01  2.837112 1 0
0.012  0.754  2.837112 1 1
0.012  0.754  3.23992 0 1
8

// *************** CZARNE ELEMENTY DOLNEJ CZESCI
// w gore prawo
0.012  0.004  0.01 1 0
0.012  0.004  0.74558 0 0
0.015  0.004  0.74558 0 1
 5
0.015  0.004  0.74558 0 1
0.015  0.004  0.01 1 1
0.012  0.004  0.01 1 0
 5
// w dol prawo
0.015  0.744  0.74558 0 1
0.012  0.744  0.74558 0 0
0.012  0.744  0.01 1 0
 5
0.012  0.744  0.01 1 0
0.015  0.744  0.01 1 1
0.015  0.744  0.74558 0 1
 5
// w gore srodek
0.012  0.004  1.7813 1 0
0.012  0.004  1.4186 0 0
0.015  0.004  1.4186 0 1
 5
0.015  0.004  1.4186 0 1
0.015  0.004  1.7813 1 1
0.012  0.004  1.7813 1 0
 5
// w dol srodek
0.015  0.744  1.4186 0 1
0.012  0.744  1.4186 0 0
0.012  0.744  1.7813 1 0
 5
0.012  0.744  1.7813 1 0
0.015  0.744  1.7813 1 1
0.015  0.744  1.4186 0 1
 5
// w gore lewo
0.012  0.004  2.444322 1 0
0.012  0.004  3.23992 0 0
0.015  0.004  3.23992 0 1
 5
0.015  0.004  3.23992 0 1
0.015  0.004  2.444322 1 1
0.012  0.004  2.444322 1 0
 5
// w dol lewo
0.015  0.744  3.23992 0 1
0.012  0.744  3.23992 0 0
0.012  0.744  2.444322 1 0
 5
0.012  0.744  2.444322 1 0
0.015  0.744  2.444322 1 1
0.015  0.744  3.23992 0 1
 5
// ***************** 6
// C
0.012  0.744  0.37279 1 0
0.015  0.744  0.37279 0 0
0.015  0.004  0.37279 0 1
5
0.015  0.004  0.37279 0 1
0.012  0.004  0.37279 1 1
0.012  0.744 0.37279 1 0
5
// A
0.015  0.004 0.38279 0 1
0.015  0.744  0.38279 0 0
0.012  0.744  0.38279 1 0
5
0.012  0.744  0.38279 1 0
0.012  0.004 0.38279 1 1
0.015  0.004 0.38279 0 1
5


// *************** 1
// C
0.012  0.744  2.827112 1 0
0.015  0.744  2.827112 0 0
0.015  0.004  2.827112 0 1
5
0.015  0.004  2.827112 0 1
0.012  0.004  2.827112 1 1
0.012  0.744  2.827112 1 0
5
// A
0.015  0.004  2.837112 0 1
0.015  0.744  2.837112 0 0
0.012  0.744  2.837112 1 0
5
0.012  0.744  2.837112 1 0
0.012  0.004  2.837112 1 1
0.015  0.004  2.837112 0 1
5
// ***************** 2
// C
0.012  0.744  2.444322 1 0
0.015  0.744  2.444322 0 0
0.015  0.004  2.444322 0 1
5
0.015  0.004  2.444322 0 1
0.012  0.004  2.444322 1 1
0.012  0.744  2.444322 1 0
5
// A
0.015  0.004  2.454322 0 1
0.015  0.744  2.454322 0 0
0.012  0.744  2.454322 1 0
5
0.012  0.744  2.454322 1 0
0.012  0.004  2.454322 1 1
0.015  0.004  2.454322 0 1
5
// ***************** 3
// C
0.012  0.744  1.7813 1 0
0.015  0.744  1.7813 0 0
0.015  0.004  1.7813 0 1
5
0.015  0.004  1.7813 0 1
0.012  0.004  1.7813 1 1
0.012  0.744  1.7813 1 0
5
// A
0.015  0.004  1.7913 0 1
0.015  0.744  1.7913 0 0
0.012  0.744  1.7913 1 0
5
0.012  0.744  1.7913 1 0
0.012  0.004  1.7913 1 1
0.015  0.004  1.7913 0 1
5
// ***************** 4
// C
0.012  0.744  1.4086 1 0
0.015  0.744  1.4086 0 0
0.015  0.004  1.4086 0 1
5
0.015  0.004  1.4086 0 1
0.012  0.004  1.4086 1 1
0.012  0.744  1.4086 1 0
5
// A
0.015  0.004 1.4186 0 1
0.015  0.744  1.4186 0 0
0.012  0.744  1.4186 1 0
5
0.012  0.744  1.4186 1 0
0.012  0.004 1.4186 1 1
0.015  0.004 1.4186 0 1
5
// ***************** 5
// C
0.012  0.744  0.74558 1 0
0.015  0.744  0.74558 0 0
0.015  0.004  0.74558 0 1
5
0.015  0.004  0.74558 0 1
0.012  0.004  0.74558 1 1
0.012  0.744  0.74558 1 0
5
// A
0.015  0.004 0.75558 0 1
0.015  0.744  0.75558 0 0
0.012  0.744  0.75558 1 0
5
0.012  0.744  0.75558 1 0
0.012  0.004 0.75558 1 1
0.015  0.004 0.75558 0 1
5
// dodatkowe "zakrycia" czarne
// 1 z lewej
0.015  0.744  0.37279 1 0
0.015  0.744  0.38279 0 0
0.015  0.004  0.38279 0 1
5
0.015  0.004  0.38279 0 1
0.015  0.004  0.37279 1 1
0.015  0.744  0.37279 1 0
5
// 2 z lewej
0.015  0.744  0.74558 1 0
0.015  0.744  0.75558 0 0
0.015  0.004  0.75558 0 1
5
0.015  0.004  0.75558 0 1
0.015  0.004  0.74558 1 1
0.015  0.744  0.74558 1 0
5
// 3 z lewej
0.015  0.744  1.4086 1 0
0.015  0.744  1.4186 0 0
0.015  0.004  1.4186 0 1
5
0.015  0.004  1.4186 0 1
0.015  0.004  1.4086 1 1
0.015  0.744  1.4086 1 0
5
// 4 z lewej
0.015  0.744  1.7813 1 0
0.015  0.744  1.7913 0 0
0.015  0.004  1.7913 0 1
5
0.015  0.004  1.7913 0 1
0.015  0.004  1.7813 1 1
0.015  0.744  1.7813 1 0
5

// 5 z lewej
0.015  0.744  2.444322 1 0
0.015  0.744  2.454322 0 0
0.015  0.004  2.454322 0 1
5
0.015  0.004  2.454322 0 1
0.015  0.004  2.444322 1 1
0.015  0.744  2.444322 1 0
5
// 6 z lewej
0.015  0.744  2.827112 1 0
0.015  0.744  2.837112 0 0
0.015  0.004  2.837112 0 1
5
0.015  0.004  2.837112 0 1
0.015  0.004  2.827112 1 1
0.015  0.744  2.827112 1 0
5

// ************* 5 DODATKOWYCH SZYB DOLNYCH
// *********** szyby #1
// A
0.015  0.744  0.01 1 0
0.015  0.744  0.37279 0 0
0.015  0.004  0.37279 0 1
8
0.015  0.004  0.37279 0 1
0.015  0.004  0.01 1 1
0.015  0.744  0.01 1 0
8
// B
0.012  0.004  0.37279 0 1
0.012  0.744  0.37279 0 0
0.012  0.744  0.01 1 0
8
0.012  0.744  0.01 1 0
0.012  0.004  0.01 1 1
0.012  0.004  0.37279 0 1
8
// *********** szyby #2
// A
0.015  0.744  0.38279 1 0
0.015  0.744  0.74558 0 0
0.015  0.004  0.74558 0 1
8
0.015  0.004  0.74558 0 1
0.015  0.004  0.38279 1 1
0.015  0.744  0.38279 1 0
8
// B
0.012  0.004  0.74558 0 1
0.012  0.744  0.74558 0 0
0.012  0.744  0.38279 1 0
8
0.012  0.744  0.38279 1 0
0.012  0.004  0.38279 1 1
0.012  0.004  0.74558 0 1
8
// *********** szyby #4
// A
0.015  0.744  1.4186 1 0
0.015  0.744  1.7813 0 0
0.015  0.004  1.7813 0 1
8
0.015  0.004  1.7813 0 1
0.015  0.004  1.4186 1 1
0.015  0.744  1.4186 1 0
8
// B
0.012  0.004  1.7813 0 1
0.012  0.744  1.7813 0 0
0.012  0.744  1.4186 1 0
8
0.012  0.744  1.4186 1 0
0.012  0.004  1.4186 1 1
0.012  0.004  1.7813 0 1
8
// *********** szyby #6
// A
0.015  0.744  2.454322 1 0
0.015  0.744  2.827112 0 0
0.015  0.004  2.827112 0 1
8
0.015  0.004  2.827112 0 1
0.015  0.004  2.454322 1 1
0.015  0.744  2.454322 1 0
8
// B
0.012  0.004  2.827112 0 1
0.012  0.744  2.827112 0 0
0.012  0.744  2.454322 1 0
8
0.012  0.744  2.454322 1 0
0.012  0.004  2.454322 1 1
0.012  0.004  2.827112 0 1
8
// *********** szyby #7
// A
0.015  0.744  2.837112 1 0
0.015  0.744  3.23992 0 0
0.015  0.004  3.23992 0 1
8
0.015  0.004  3.23992 0 1
0.015  0.004  2.837112 1 1
0.015  0.744  2.837112 1 0
8
// B
0.012  0.004  3.23992 0 1
0.012  0.744  3.23992 0 0
0.012  0.744  2.837112 1 0
8
0.012  0.744  2.837112 1 0
0.012  0.004  2.837112 1 1
0.012  0.004  3.23992 0 1
8

// i zaczyna sie storna wewnetrzna **********************************************************
// i zaczyna sie storna wewnetrzna **********************************************************
// i zaczyna sie storna wewnetrzna **********************************************************
// przedluzenie 1A
-0.012  1.01  3.23992 1 0
0.012  1.01  3.23992 0 0
0.012  0.004  3.23992 0 1
 9
0.012  0.004  3.23992 0 1
-0.012  0.004  3.23992 1 1
-0.012  1.01  3.23992 1 0
 9
// przedluzenie 1B
0.02  -0.006  3.24992 0 1
0.02  1.02  3.24992 0 0
-0.012  1.02  3.24992 1 0
 9
-0.012  1.02  3.24992 1 0
-0.012  -0.006  3.24992 1 1
0.02  -0.006  3.24992 0 1
 9
// przedluzenie 2A
-0.012  1.01  2.827112 1 0
0.012  1.01  2.827112 0 0
0.012  0.004  2.827112 0 1
 9
0.012  0.004  2.827112 0 1
-0.012  0.004  2.827112 1 1
-0.012  1.01  2.827112 1 0
 9
// przedluzenie 2B
0.012  0.004  2.837112 0 1
0.012  1.01  2.837112 0 0
-0.012 1.01  2.837112 1 0
 9
-0.012  1.01  2.837112 1 0
-0.012  0.004  2.837112 1 1
0.012  0.004  2.837112 0 1
 9
// przedluzenie 3A
-0.012  1.01  2.444322 1 0
0.012  1.01  2.444322 0 0
0.012  -0.006  2.444322 0 1
 9
0.012  -0.006  2.444322 0 1
-0.012  -0.006  2.444322 1 1
-0.012  1.01  2.444322 1 0
 9
// przedluzenie 3A
-0.005  0.744  2.434322 1 0
0.015  0.744  2.434322 0 0
0.015  -0.006  2.434322 0 1
 9
0.015  -0.006  2.434322 0 1
-0.005  -0.006  2.434322 1 1
-0.005  0.744  2.434322 1 0
 9
// przedluzenie 3B
0.012  0.004  2.454322 0 1
0.012  1.01  2.454322 0 0
-0.012 1.01  2.454322 1 0
 9
-0.012  1.01  2.454322 1 0
-0.012  0.004  2.454322 1 1
0.012  0.004  2.454322 0 1
 9
// dolna pierwszej czesci
-0.012  0.004 2.454322 1 0
-0.012  0.004  3.24992 0 0
0.012  0.004  3.24992 0 1
 9
0.012  0.004  3.24992 0 1
0.012  0.004  2.454322 1 1
-0.012  0.004  2.454322 1 0
 9
// czesc wewnetrzna - obrazowa
-0.012  -0.006  3.23992 0 1
-0.012  0.004  3.23992 0 0
-0.012  0.004  2.454322 1 0
 9
-0.012  0.004 2.454322 1 0
-0.012  -0.006  2.454322 1 1
-0.012  -0.006  3.23992 0 1
 9
// **************** 4!
// przedluzenie 4A
0.012  -0.006  1.7913 0 1
0.012  1.01  1.7913 0 0
-0.012  1.01  1.7913 1 0
 9
-0.012  1.01  1.7913 1 0
-0.012  -0.006  1.7913 1 1
0.012  -0.006  1.7913 0 1
 9
// przedluzenie 4A
0.015  -0.006  1.8013 0 1
0.015  0.744  1.8013 0 0
-0.005  0.744  1.8013 1 0
 9
-0.005  0.744  1.8013 1 0
-0.005  -0.006  1.8013 1 1
0.015  -0.006  1.8013 0 1
 9
// przedluzenie 4B
-0.012 1.01  1.7813 1 0
0.012  1.01  1.7813 0 0
0.012  0.004  1.7813 0 1
 9
0.012  0.004  1.7813 0 1
-0.012  0.004  1.7813 1 1
-0.012  1.01  1.7813 1 0
 9
// ****************** 5!
// przedluzenie 5A
-0.012  1.01  1.4086 1 0
0.012  1.01  1.4086 0 0
0.012  -0.006  1.4086 0 1
 9
0.012  -0.006  1.4086 0 1
-0.012  -0.006  1.4086 1 1
-0.012  1.01  1.4086 1 0
 9
// przedluzenie 5A
-0.005  0.744  1.3986 1 0
0.015  0.744  1.3986 0 0
0.015  -0.006  1.3986 0 1
 9
0.015  -0.006  1.3986 0 1
-0.005  -0.006  1.3986 1 1
-0.005  0.744  1.3986 1 0
 9
// przedluzenie 5B
0.012  0.004  1.4186 0 1
0.012  1.01  1.4186 0 0
-0.012 1.01  1.4186 1 0
 9
-0.012  1.01  1.4186 1 0
-0.012  0.004  1.4186 1 1
0.012  0.004  1.4186 0 1
 9
// **************** 6!
// przedluzenie 6A
0.012  -0.006  0.75558 0 1
0.012  1.01  0.75558 0 0
-0.012  1.01  0.75558 1 0
 9
-0.012  1.01  0.75558 1 0
-0.012  -0.006  0.75558 1 1
0.012  -0.006  0.75558 0 1
 9
// przedluzenie 6A
0.015  -0.006  0.76558 0 1
0.015  0.744  0.76558 0 0
-0.005  0.744  0.76558 1 0
 9
-0.005  0.744  0.76558 1 0
-0.005  -0.006  0.76558 1 1
0.015  -0.006  0.76558 0 1
 9
// przedluzenie 6B
-0.012 1.01  0.74558 1 0
0.012  1.01  0.74558 0 0
0.012  0.004  0.74558 0 1
 9
0.012  0.004  0.74558 0 1
-0.012  0.004  0.74558 1 1
-0.012  1.01  0.74558 1 0
 9
// ** 7
// przedluzenie 7A
0.012  0.004  0.38279 0 1
0.012  1.01  0.382790 0
-0.012  1.01  0.38279 1 0
 9
-0.012  1.01  0.38279 1 0
-0.012  0.004  0.38279 1 1
0.012  0.004  0.38279 0 1
 9
// przedluzenie 7B
-0.012 1.01  0.37279 1 0
0.012  1.01  0.37279 0 0
0.012  0.004  0.37279 0 1
 9
0.012  0.004  0.37279 0 1
-0.012  0.004  0.37279 1 1
-0.012  1.01 0.37279 1 0
 9
// przedluzenie 8

0.012  0.004  0.01 0 1
0.012  1.01  0.01 0
-0.012  1.01  0.01 1 0
 9
-0.012  1.01  0.01 1 0
-0.012  0.004  0.01 1 1
0.012  0.004  0.01 0 1
 9
// ******************* dluga belka srodkowa wewnatrz
// czesc gorna
-0.012  0.754 0.01 1 0
-0.012  0.754  3.23992 0 0
0.012  0.754  3.23992 0 1
 9
0.012  0.754  3.23992 0 1
0.012  0.754  0.01 1 1
-0.012  0.754  0.01 1 0
 9
// czesc dolna
0.012  0.744  3.23992 0 1
-0.012  0.744  3.23992 0 0
-0.012  0.744 0.01 1 0
 9
-0.012  0.744  0.01 1 0
0.012  0.744  0.01 1 1
0.012  0.744  3.23992 0 1
 9
// czesc wewnetrzna - obrazowa
-0.012  0.744  3.23992 0 1
-0.012  0.754  3.23992 0 0
-0.012  0.754  0.01 1 0
 9
-0.012  0.754 0.01 1 0
-0.012  0.744  0.01 1 1
-0.012  0.744  3.23992 0 1
 9
// ************** dluga belka gorna wewnatrz
// czesc gorna
-0.012  1.02 0.00 1 0
-0.012  1.02  3.24992 0 0
0.012  1.02  3.24992 0 1
 9
0.012  1.02  3.24992 0 1
0.012  1.02  0.00 1 1
-0.012  1.02  0.00 1 0
 9
// czesc dolna
0.012  1.01  3.23992 0 1
-0.012  1.01  3.23992 0 0
-0.012  1.01 0.01 1 0
 9
-0.012  1.01  0.01 1 0
0.012  1.01  0.01 1 1
0.012  1.01  3.23992 0 1
 9
// czesc wewnetrzna - obrazowa
-0.012  1.01  3.23992 0 1
-0.012  1.02  3.23992 0 0
-0.012  1.02  0.01 1 0
 9
-0.012  1.02 0.01 1 0
-0.012  1.01  0.01 1 1
-0.012  1.01  3.23992 0 1
 9

// dolna belka - srodkowa, pomiedz drzwiami
// czesc gorna
-0.012  0.004 1.4186 1 0
-0.012  0.004  1.7813 0 0
0.012  0.004  1.7813 0 1
 9
0.012  0.004 1.7813 0 1
0.012  0.004  1.4186 1 1
-0.012  0.004  1.4186 1 0
 9
// czesc wewnetrzna - obrazowa
-0.012  -0.006  1.7813 0 1
-0.012  0.004  1.7813 0 0
-0.012  0.004  1.4186  1 0
 9
-0.012  0.004 1.4186  1 0
-0.012  -0.006  1.4186  1 1
-0.012  -0.006  1.7813 0 1
 9
// dolna belka - krancowa, przy 0.0
// czesc gorna
-0.012  0.004 0.01 1 0
-0.012  0.004  0.74558 0 0
0.012  0.004  0.74558 0 1
 9
0.012  0.004 0.74558 0 1
0.012  0.004  0.01 1 1
-0.012  0.004  0.01 1 0
 9
// czesc wewnetrzna - obrazowa
-0.012  -0.006  0.74558 0 1
-0.012  0.004  0.74558 0 0
-0.012  0.004  0.01  1 0
 9
-0.012  0.004 0.01  1 0
-0.012  -0.006  0.01  1 1
-0.012  -0.006  0.74558 0 1
 9

// belki pionowe

// czesc wewnetrzna - obrazowa 1
-0.012  -0.006  3.24992 0 1
-0.012  1.02  3.24992 0 0
-0.012  1.02  3.23992 1 0
 9
-0.012  1.02 3.23992 1 0
-0.012  -0.006  3.23992 1 1
-0.012  -0.006 3.24992 0 1
 9

// czesc wewnetrzna - obrazowa 2 (dol)
-0.012  0.004  2.837112 0 1
-0.012  0.744  2.837112 0 0
-0.012  0.744  2.827112 1 0
 9
-0.012  0.744 2.827112 1 0
-0.012  0.004  2.827112 1 1
-0.012  0.004 2.837112 0 1
 9
// czesc wewnetrzna - obrazowa 2 (gora)
-0.012  0.754  2.837112 0 1
-0.012  1.01  2.837112 0 0
-0.012  1.01  2.827112 1 0
 9
-0.012  1.01 2.827112 1 0
-0.012  0.754  2.827112 1 1
-0.012  0.754 2.837112 0 1
 9

// czesc wewnetrzna - obrazowa 3 (dol)
-0.012  -0.006  2.454322 0 1
-0.012  0.744  2.454322 0 0
-0.012  0.744  2.444322 1 0
 9
-0.012  0.744 2.444322 1 0
-0.012  -0.006  2.444322 1 1
-0.012  -0.006 2.454322 0 1
 9
// czesc wewnetrzna - obrazowa 3B (dol)
-0.005  -0.006  2.444322 0 1
-0.005  0.744  2.444322 0 0
-0.005  0.744  2.434322 1 0
 9
-0.005  0.744 2.434322 1 0
-0.005  -0.006  2.434322 1 1
-0.005  -0.006 2.444322 0 1
 9
// czesc zewnetrzna - obrazowa 3 (dol)
0.015  0.744  2.434322 1 0
0.015  0.744  2.444322 0 0
0.015  -0.006  2.444322 0 1
 9
0.015  -0.006 2.444322 0 1
0.015  -0.006  2.434322 1 1
0.015  0.744 2.434322 1 0
 9
// czesc wewnetrzna - obrazowa 3 (gora)
-0.012  0.754  2.454322 0 1
-0.012  1.01  2.454322 0 0
-0.012  1.01  2.444322 1 0
 9
-0.012  1.01 2.444322 1 0
-0.012  0.754  2.444322 1 1
-0.012  0.754 2.454322 0 1
 9

// czwarta belka ********************************
// czesc wewnetrzna - obrazowa 4 (dol)
-0.012  -0.006  1.7913 0 1
-0.012  0.744  1.7913 0 0
-0.012  0.744  1.7813 1 0
 9
-0.012  0.744 1.7813 1 0
-0.012  -0.006  1.7813 1 1
-0.012  -0.006 1.7913 0 1
 9
// czesc wewnetrzna - obrazowa 4B (dol)
-0.005  -0.006  1.8013 0 1
-0.005  0.744  1.8013 0 0
-0.005  0.744  1.7913 1 0
 9
-0.005  0.744 1.7913 1 0
-0.005  -0.006  1.7913 1 1
-0.005  -0.006 1.8013 0 1
 9
// czesc zewnetrzna - obrazowa 4 (dol)
0.015  0.744  1.7913 1 0
0.015  0.744  1.8013 0 0
0.015  -0.006  1.8013 0 1
 9
0.015  -0.006 1.8013 0 1
0.015  -0.006  1.7913 1 1
0.015  0.744 1.7913 1 0
 9
// czesc wewnetrzna - obrazowa 4 (gora)
-0.012  0.754  1.7913 0 1
-0.012  1.01  1.7913 0 0
-0.012  1.01  1.7813 1 0
 9
-0.012  1.01 1.7813 1 0
-0.012  0.754  1.7813 1 1
-0.012  0.754 1.7913 0 1
 9
// piata belka*******************************
// czesc wewnetrzna - obrazowa 5 (dol)
-0.012  -0.006  1.4186 0 1
-0.012  0.744  1.4186 0 0
-0.012  0.744  1.4086 1 0
 9
-0.012  0.744 1.4086 1 0
-0.012  -0.006  1.4086 1 1
-0.012  -0.006 1.4186 0 1
 9
// czesc wewnetrzna - obrazowa 5B (dol)
-0.005  -0.006  1.4086 0 1
-0.005  0.744  1.4086 0 0
-0.005  0.744  1.3986 1 0
 9
-0.005  0.744 1.3986 1 0
-0.005  -0.006  1.3986 1 1
-0.005  -0.006 1.4086 0 1
 9
// czesc zewnetrzna - obrazowa 5 (dol)
0.015  0.744  1.3986 1 0
0.015  0.744  1.4086 0 0
0.015  -0.006  1.4086 0 1
 9
0.015  -0.006 1.4086 0 1
0.015  -0.006  1.3986 1 1
0.015  0.744 1.3986 1 0
 9
// czesc wewnetrzna - obrazowa 5 (gora)
-0.012  0.754  1.4186 0 1
-0.012  1.01  1.4186 0 0
-0.012  1.01  1.4086 1 0
 9
-0.012  1.01 1.4086 1 0
-0.012  0.754  1.4086 1 1
-0.012  0.754 1.4186 0 1
 9

// szosta belka ********************************
// czesc wewnetrzna - obrazowa 6 (dol)
-0.012  -0.006  0.75558 0 1
-0.012  0.744  0.75558 0 0
-0.012  0.744  0.74558 1 0
 9
-0.012  0.744 0.74558 1 0
-0.012  -0.006  0.74558 1 1
-0.012  -0.006 0.75558 0 1
 9
// czesc wewnetrzna - obrazowa 6B (dol)
-0.005  -0.006  0.76558 0 1
-0.005  0.744  0.76558 0 0
-0.005  0.744  0.75558 1 0
 9
-0.005  0.744 0.75558 1 0
-0.005  -0.006  0.75558 1 1
-0.005  -0.006 0.76558 0 1
 9
// czesc zewnetrzna - obrazowa 6 (dol)
0.015  0.744  0.75558 1 0
0.015  0.744  0.76558 0 0
0.015  -0.006  0.76558 0 1
 9
0.015  -0.006 0.76558 0 1
0.015  -0.006  0.75558 1 1
0.015  0.744 0.75558 1 0
 9
// czesc wewnetrzna - obrazowa 6 (gora)
-0.012  0.754  0.75558 0 1
-0.012  1.01  0.75558 0 0
-0.012  1.01  0.74558 1 0
 9
-0.012  1.01 0.74558 1 0
-0.012  0.754  0.74558 1 1
-0.012  0.754 0.75558 0 1
 9

// czesc wewnetrzna - obrazowa 7 (dol)
-0.012  0.004  0.38279 0 1
-0.012  0.744  0.38279 0 0
-0.012  0.744  0.37279 1 0
 9
-0.012  0.744 0.37279 1 0
-0.012  0.004  0.37279 1 1
-0.012  0.004 0.38279 0 1
 9
// czesc wewnetrzna - obrazowa 7 (gora)
-0.012  0.754  0.38279 0 1
-0.012  1.01  0.38279 0 0
-0.012  1.01  0.37279 1 0
 9
-0.012  1.01 0.37279 1 0
-0.012  0.754  0.37279 1 1
-0.012  0.754 0.38279 0 1
 9
// czesc wewnetrzna - obrazowa 8 (dol)
-0.012  -0.006  0.01 0 1
-0.012  1.02  0.01 0 0
-0.012  1.02  0.0 1 0
 9
-0.012  1.02 0.0 1 0
-0.012  -0.006  0.0 1 1
-0.012  -0.006 0.01 0 1
 9

// gorna czesc
-0.012  1.022  3.24992 0 1
-0.012  1.05  3.24992 0 0
-0.012  1.05  0.0 1 0
 9
-0.012  1.05 0.0 1 0
-0.012  1.022  0.0 1 1
-0.012  1.022 3.24992 0 1
 9

// czesc najwyzszej belki - szpara1
-0.012  1.02 0.0 1 0
-0.012  1.02  3.24992 0 0
0.012  1.02  3.24992 0 1
 9
0.012  1.02 3.24992 0 1
0.012  1.02  0.0 1 1
-0.012  1.02  0.0 1 0
 9

// czesc dodatkowa - szpara2
0.012  1.022  3.24992 0 1
-0.012  1.022  3.24992 0 0
-0.012  1.022 0.0 1 0
 9
-0.012  1.022  0.0 1 0
0.012  1.022  0.0 1 1
0.012  1.022 3.24992 0 1
 9