
NUMPOLLIES xx 

// kolo2 #0
// kat: 0
 0  0  3 0 1
 0  1  3 0 0
 2.10052  1  2.14192 1 0
 3

 0  0  3 0 1
 2.10052  0  2.14192 1 1
 2.10052  1  2.14192 1 0
 3

// kolo2 #1
// kat: 7.05882
 2.10052  0  2.14192 0 1
 2.10052  1  2.14192 0 0
 2.10052  1  2.14192 1 0
 3

 2.10052  0  2.14192 0 1
 2.10052  0  2.14192 1 1
 2.10052  1  2.14192 1 0
 3

// kolo2 #2
// kat: 14.1176
 2.10052  0  2.14192 0 1
 2.10052  1  2.14192 0 0
 2.99943  1  0.0585556 1 0
 3

 2.10052  0  2.14192 0 1
 2.99943  0  0.0585556 1 1
 2.99943  1  0.0585556 1 0
 3

// kolo2 #3
// kat: 21.1765
 2.99943  0  0.0585556 0 1
 2.99943  1  0.0585556 0 0
 2.18251  1 -2.05831 1 0
 3

 2.99943  0  0.0585556 0 1
 2.18251  0 -2.05831 1 1
 2.18251  1 -2.05831 1 0
 3

// kolo2 #4
// kat: 28.2353
 2.18251  0 -2.05831 0 1
 2.18251  1 -2.05831 0 0
 0.117089  1 -2.99771 1 0
 3

 2.18251  0 -2.05831 0 1
 0.117089  0 -2.99771 1 1
 0.117089  1 -2.99771 1 0
 3

// kolo2 #5
// kat: 35.2941
 0.117089  0 -2.99771 0 1
 0.117089  1 -2.99771 0 0
-2.01531  1 -2.22228 1 0
 3

 0.117089  0 -2.99771 0 1
-2.01531  0 -2.22228 1 1
-2.01531  1 -2.22228 1 0
 3

// kolo2 #6
// kat: 42.3529
-2.01531  0 -2.22228 0 1
-2.01531  1 -2.22228 0 0
-2.99486  1 -0.175583 1 0
 3

-2.01531  0 -2.22228 0 1
-2.99486  0 -0.175583 1 1
-2.99486  1 -0.175583 1 0
 3

// kolo2 #7
// kat: 49.4118
-2.99486  0 -0.175583 0 1
-2.99486  1 -0.175583 0 0
-2.26119  1  1.97155 1 0
 3

-2.99486  0 -0.175583 0 1
-2.26119  0  1.97155 1 1
-2.26119  1  1.97155 1 0
 3

// kolo2 #8
// kat: 56.4706
-2.26119  0  1.97155 0 1
-2.26119  1  1.97155 0 0
-0.234011  1  2.99086 1 0
 3

-2.26119  0  1.97155 0 1
-0.234011  0  2.99086 1 1
-0.234011  1  2.99086 1 0
 3

// kolo2 #9
// kat: 63.5294
-0.234011  0  2.99086 0 1
-0.234011  1  2.99086 0 0
 1.92704  1  2.29925 1 0
 3

-0.234011  0  2.99086 0 1
 1.92704  0  2.29925 1 1
 1.92704  1  2.29925 1 0
 3

// kolo2 #10
// kat: 70.5882
 1.92704  0  2.29925 0 1
 1.92704  1  2.29925 0 0
 2.98572  1  0.292338 1 0
 3

 1.92704  0  2.29925 0 1
 2.98572  0  0.292338 1 1
 2.98572  1  0.292338 1 0
 3

// kolo2 #11
// kat: 77.6471
 2.98572  0  0.292338 0 1
 2.98572  1  0.292338 0 0
 2.33642  1 -1.8818 1 0
 3

 2.98572  0  0.292338 0 1
 2.33642  0 -1.8818 1 1
 2.33642  1 -1.8818 1 0
 3

// kolo2 #12
// kat: 84.7059
 2.33642  0 -1.8818 0 1
 2.33642  1 -1.8818 0 0
 0.350565  1 -2.97945 1 0
 3

 2.33642  0 -1.8818 0 1
 0.350565  0 -2.97945 1 1
 0.350565  1 -2.97945 1 0
 3

// kolo2 #13
// kat: 91.7647
 0.350565  0 -2.97945 0 1
 0.350565  1 -2.97945 0 0
-1.83583  1 -2.37271 1 0
 3

 0.350565  0 -2.97945 0 1
-1.83583  0 -2.37271 1 1
-1.83583  1 -2.37271 1 0
 3

// kolo2 #14
// kat: 98.8235
-1.83583  0 -2.37271 0 1
-1.83583  1 -2.37271 0 0
-2.97204  1 -0.408658 1 0
 3

-1.83583  0 -2.37271 0 1
-2.97204  0 -0.408658 1 1
-2.97204  1 -0.408658 1 0
 3

// kolo2 #15
// kat: 105.882
-2.97204  0 -0.408658 0 1
-2.97204  1 -0.408658 0 0
-2.40809  1  1.78916 1 0
 3

-2.97204  0 -0.408658 0 1
-2.40809  0  1.78916 1 1
-2.40809  1  1.78916 1 0
 3

// kolo2 #16
// kat: 112.941
-2.40809  0  1.78916 0 1
-2.40809  1  1.78916 0 0
-0.466595  1  2.96349 1 0
 3

-2.40809  0  1.78916 0 1
-0.466595  0  2.96349 1 1
-0.466595  1  2.96349 1 0
 3

// kolo2 #17
// kat: 120
-0.466595  0  2.96349 0 1
-0.466595  1  2.96349 0 0
 1.74181  1  2.44256 1 0
 3

-0.466595  0  2.96349 0 1
 1.74181  0  2.44256 1 1
 1.74181  1  2.44256 1 0
 3

// kolo2 #18
// kat: 127.059
 1.74181  0  2.44256 0 1
 1.74181  1  2.44256 0 0
 2.95382  1  0.524355 1 0
 3

 1.74181  0  2.44256 0 1
 2.95382  0  0.524355 1 1
 2.95382  1  0.524355 1 0
 3

// kolo2 #19
// kat: 134.118
 2.95382  0  0.524355 0 1
 2.95382  1  0.524355 0 0
 2.47608  1 -1.69382 1 0
 3

 2.95382  0  0.524355 0 1
 2.47608  0 -1.69382 1 1
 2.47608  1 -1.69382 1 0
 3

// kolo2 #20
// kat: 141.176
 2.47608  0 -1.69382 0 1
 2.47608  1 -1.69382 0 0
 0.581893  1 -2.94303 1 0
 3

 2.47608  0 -1.69382 0 1
 0.581893  0 -2.94303 1 1
 0.581893  1 -2.94303 1 0
 3

// kolo2 #21
// kat: 148.235
 0.581893  0 -2.94303 0 1
 0.581893  1 -2.94303 0 0
-1.64517  1 -2.50867 1 0
 3

 0.581893  0 -2.94303 0 1
-1.64517  0 -2.50867 1 1
-1.64517  1 -2.50867 1 0
 3

// kolo2 #22
// kat: 155.294
-1.64517  0 -2.50867 0 1
-1.64517  1 -2.50867 0 0
-2.93111  1 -0.639231 1 0
 3

-1.64517  0 -2.50867 0 1
-2.93111  0 -0.639231 1 1
-2.93111  1 -0.639231 1 0
 3

// kolo2 #23
// kat: 162.353
-2.93111  0 -0.639231 0 1
-2.93111  1 -0.639231 0 0
-2.54031  1  1.59588 1 0
 3

-2.93111  0 -0.639231 0 1
-2.54031  0  1.59588 1 1
-2.54031  1  1.59588 1 0
 3

// kolo2 #24
// kat: 169.412
-2.54031  0  1.59588 0 1
-2.54031  1  1.59588 0 0
-0.696326  1  2.91807 1 0
 3

-2.54031  0  1.59588 0 1
-0.696326  0  2.91807 1 1
-0.696326  1  2.91807 1 0
 3

// kolo2 #25
// kat: 176.471
-0.696326  0  2.91807 0 1
-0.696326  1  2.91807 0 0
 1.54599  1  2.57098 1 0
 3

-0.696326  0  2.91807 0 1
 1.54599  0  2.57098 1 1
 1.54599  1  2.57098 1 0
 3

// kolo2 #26
// kat: 183.529
 1.54599  0  2.57098 0 1
 1.54599  1  2.57098 0 0
 2.90392  1  0.753155 1 0
 3

 1.54599  0  2.57098 0 1
 2.90392  0  0.753155 1 1
 2.90392  1  0.753155 1 0
 3

// kolo2 #27
// kat: 190.588
 2.90392  0  0.753155 0 1
 2.90392  1  0.753155 0 0
 2.60066  1 -1.49551 1 0
 3

 2.90392  0  0.753155 0 1
 2.60066  0 -1.49551 1 1
 2.60066  1 -1.49551 1 0
 3

// kolo2 #28
// kat: 197.647
 2.60066  0 -1.49551 0 1
 2.60066  1 -1.49551 0 0
 0.809697  1 -2.88867 1 0
 3

 2.60066  0 -1.49551 0 1
 0.809697  0 -2.88867 1 1
 0.809697  1 -2.88867 1 0
 3

// kolo2 #29
// kat: 204.706
 0.809697  0 -2.88867 0 1
 0.809697  1 -2.88867 0 0
-1.44446  1 -2.62936 1 0
 3

 0.809697  0 -2.88867 0 1
-1.44446  0 -2.62936 1 1
-1.44446  1 -2.62936 1 0
 3

// kolo2 #30
// kat: 211.765
-1.44446  0 -2.62936 0 1
-1.44446  1 -2.62936 0 0
-2.87231  1 -0.865931 1 0
 3

-1.44446  0 -2.62936 0 1
-2.87231  0 -0.865931 1 1
-2.87231  1 -0.865931 1 0
 3

// kolo2 #31
// kat: 218.824
-2.87231  0 -0.865931 0 1
-2.87231  1 -0.865931 0 0
-2.65706  1  1.39286 1 0
 3

-2.87231  0 -0.865931 0 1
-2.65706  0  1.39286 1 1
-2.65706  1  1.39286 1 0
 3

// kolo2 #32
// kat: 225.882
-2.65706  0  1.39286 0 1
-2.65706  1  1.39286 0 0
-0.921835  1  2.85486 1 0
 3

-2.65706  0  1.39286 0 1
-0.921835  0  2.85486 1 1
-0.921835  1  2.85486 1 0
 3

// kolo2 #33
// kat: 232.941
-0.921835  0  2.85486 0 1
-0.921835  1  2.85486 0 0
 1.34072  1  2.68374 1 0
 3

-0.921835  0  2.85486 0 1
 1.34072  0  2.68374 1 1
 1.34072  1  2.68374 1 0
 3

// kolo2 #34
// kat: 240
 1.34072  0  2.68374 0 1
 1.34072  1  2.68374 0 0
 2.83632  1  0.977387 1 0
 3

 1.34072  0  2.68374 0 1
 2.83632  0  0.977387 1 1
 2.83632  1  0.977387 1 0
 3

// kolo2 #35
// kat: 247.059
 2.83632  0  0.977387 0 1
 2.83632  1  0.977387 0 0
 2.7094  1 -1.28808 1 0
 3

 2.83632  0  0.977387 0 1
 2.7094  0 -1.28808 1 1
 2.7094  1 -1.28808 1 0
 3

// kolo2 #36
// kat: 254.118
 2.7094  0 -1.28808 0 1
 2.7094  1 -1.28808 0 0
 1.03257  1 -2.8167 1 0
 3

 2.7094  0 -1.28808 0 1
 1.03257  0 -2.8167 1 1
 1.03257  1 -2.8167 1 0
 3

// kolo2 #37
// kat: 261.176
 1.03257  0 -2.8167 0 1
 1.03257  1 -2.8167 0 0
-1.23495  1 -2.73403 1 0
 3

 1.03257  0 -2.8167 0 1
-1.23495  0 -2.73403 1 1
-1.23495  1 -2.73403 1 0
 3

// kolo2 #38
// kat: 268.235
-1.23495  0 -2.73403 0 1
-1.23495  1 -2.73403 0 0
-2.79602  1 -1.08731 1 0
 3

-1.23495  0 -2.73403 0 1
-2.79602  0 -1.08731 1 1
-2.79602  1 -1.08731 1 0
 3

// kolo2 #39
// kat: 275.294
-2.79602  0 -1.08731 0 1
-2.79602  1 -1.08731 0 0
-2.75758  1  1.18143 1 0
 3

-2.79602  0 -1.08731 0 1
-2.75758  0  1.18143 1 1
-2.75758  1  1.18143 1 0
 3

// kolo2 #40
// kat: 282.353
-2.75758  0  1.18143 0 1
-2.75758  1  1.18143 0 0
-1.1416  1  2.7743 1 0
 3

-2.75758  0  1.18143 0 1
-1.1416  0  2.7743 1 1
-1.1416  1  2.7743 1 0
 3

// kolo2 #41
// kat: 289.412
-1.1416  0  2.7743 0 1
-1.1416  1  2.7743 0 0
 1.12746  1  2.78008 1 0
 3

-1.1416  0  2.7743 0 1
 1.12746  0  2.78008 1 1
 1.12746  1  2.78008 1 0
 3

// kolo2 #42
// kat: 296.471
 1.12746  0  2.78008 0 1
 1.12746  1  2.78008 0 0
 2.75153  1  1.19545 1 0
 3

 1.12746  0  2.78008 0 1
 2.75153  0  1.19545 1 1
 2.75153  1  1.19545 1 0
 3

// kolo2 #43
// kat: 303.529
 2.75153  0  1.19545 0 1
 2.75153  1  1.19545 0 0
 2.80153  1 -1.07306 1 0
 3

 2.75153  0  1.19545 0 1
 2.80153  0 -1.07306 1 1
 2.80153  1 -1.07306 1 0
 3

// kolo2 #44
// kat: 310.588
 2.80153  0 -1.07306 0 1
 2.80153  1 -1.07306 0 0
 1.24885  1 -2.7277 1 0
 3

 2.80153  0 -1.07306 0 1
 1.24885  0 -2.7277 1 1
 1.24885  1 -2.7277 1 0
 3

// kolo2 #45
// kat: 317.647
 1.24885  0 -2.7277 0 1
 1.24885  1 -2.7277 0 0
-1.01825  1 -2.82191 1 0
 3

 1.24885  0 -2.7277 0 1
-1.01825  0 -2.82191 1 1
-1.01825  1 -2.82191 1 0
 3

// kolo2 #46
// kat: 324.706
-1.01825  0 -2.82191 0 1
-1.01825  1 -2.82191 0 0
-2.70285  1 -1.30178 1 0
 3

-1.01825  0 -2.82191 0 1
-2.70285  0 -1.30178 1 1
-2.70285  1 -1.30178 1 0
 3

// kolo2 #47
// kat: 331.765
-2.70285  0 -1.30178 0 1
-2.70285  1 -1.30178 0 0
-2.84122  1  0.963061 1 0
 3

-2.70285  0 -1.30178 0 1
-2.84122  0  0.963061 1 1
-2.84122  1  0.963061 1 0
 3

// kolo2 #48
// kat: 338.824
-2.84122  0  0.963061 0 1
-2.84122  1  0.963061 0 0
-1.35421  1  2.67696 1 0
 3

-2.84122  0  0.963061 0 1
-1.35421  0  2.67696 1 1
-1.35421  1  2.67696 1 0
 3

// kolo2 #49
// kat: 345.883
-1.35421  0  2.67696 0 1
-1.35421  1  2.67696 0 0
 0.907503  1  2.85945 1 0
 3

-1.35421  0  2.67696 0 1
 0.907503  0  2.85945 1 1
 0.907503  1  2.85945 1 0
 3

// kolo2 #50
// kat: 352.941
 0.907503  0  2.85945 0 1
 0.907503  1  2.85945 0 0
 2.65006  1  1.40613 1 0
 3

 0.907503  0  2.85945 0 1
 2.65006  0  1.40613 1 1
 2.65006  1  1.40613 1 0
 3


// lacznie trojkatow : 102
