
NUMPOLLIES xx 

// czesc_czarnego_spojnika_main_A
-0.67  1.01  0.302 0 1
-0.67  1.015  0.302 0 0
-0.66  1.015  0.302 1 0
 5

-0.67  1.01  0.302 0 1
-0.66  1.01  0.302 1 1
-0.66  1.015  0.302 1 0
 5

// czesc_czarnego_spojnika_main_C
-0.66  1.01  0.332 0 1
-0.66  1.015  0.332 0 0
-0.67  1.015  0.332 1 0
 5

-0.66  1.01  0.332 0 1
-0.67  1.01  0.332 1 1
-0.67  1.015  0.332 1 0
 5

// czesc_czarnego_spojnika_main_D
-0.67  1.01  0.332 0 1
-0.67  1.015  0.332 0 0
-0.67  1.015  0.302 1 0
 5

-0.67  1.01  0.332 0 1
-0.67  1.01  0.302 1 1
-0.67  1.015  0.302 1 0
 5

// czesc_czarnego_spojnika_main_E
-0.67  1.01  0.332 0 1
-0.67  1.01  0.302 0 0
-0.66  1.01  0.302 1 0
 5

-0.67  1.01  0.332 0 1
-0.66  1.01  0.332 1 1
-0.66  1.01  0.302 1 0
 5


// lacznie trojkatow : 8
