
NUMPOLLIES xx 

// pozarowy_przycisk_A
-3.99  0.865  3.42 0 1
-3.99  0.895  3.42 0 0
-3.975  0.895  3.42 1 0
 18

-3.99  0.865  3.42 0 1
-3.975  0.865  3.42 1 1
-3.975  0.895  3.42 1 0
 18

// pozarowy_przycisk_B
-3.975  0.865  3.42 0 1
-3.975  0.895  3.42 0 0
-3.975  0.895  3.45 1 0
 18

-3.975  0.865  3.42 0 1
-3.975  0.865  3.45 1 1
-3.975  0.895  3.45 1 0
 18

// pozarowy_przycisk_C
-3.975  0.865  3.45 0 1
-3.975  0.895  3.45 0 0
-3.99  0.895  3.45 1 0
 19

-3.975  0.865  3.45 0 1
-3.99  0.865  3.45 1 1
-3.99  0.895  3.45 1 0
 19

// pozarowy_przycisk_D
-3.99  0.865  3.45 0 1
-3.99  0.895  3.45 0 0
-3.99  0.895  3.42 1 0
 19

-3.99  0.865  3.45 0 1
-3.99  0.865  3.42 1 1
-3.99  0.895  3.42 1 0
 19

// pozarowy_przycisk_E
-3.99  0.865  3.45 0 1
-3.99  0.865  3.42 0 0
-3.975  0.865  3.42 1 0
 19

-3.99  0.865  3.45 0 1
-3.975  0.865  3.45 1 1
-3.975  0.865  3.42 1 0
 19

// pozarowy_przycisk_F
-3.99  0.895  3.42 0 1
-3.99  0.895  3.45 0 0
-3.975  0.895  3.45 1 0
 19

-3.99  0.895  3.42 0 1
-3.975  0.895  3.42 1 1
-3.975  0.895  3.45 1 0
 19


// lacznie trojkatow : 12
