
NUMPOLLIES 16

// glowna_B
-0.72  0.63  2.75 0 1
-0.72  0.68  2.75 0 0
-0.72  0.68  4.02 1 0
 9

-0.72  0.63  2.75 0 1
-0.72  0.63  4.02 1 1
-0.72  0.68  4.02 1 0
 9

// glowna_D
-0.68  0.63  4.02 0 1
-0.68  0.68  4.02 0 0
-0.68  0.68  2.75 1 0
 9

-0.68  0.63  4.02 0 1
-0.68  0.63  2.75 1 1
-0.68  0.68  2.75 1 0
 9

// glowna_E
-0.68  0.63  4.02 0 1
-0.68  0.63  2.75 0 0
-0.72  0.63  2.75 1 0
 9

-0.68  0.63  4.02 0 1
-0.72  0.63  4.02 1 1
-0.72  0.63  2.75 1 0
 9

// glowna_F
-0.68  0.68  2.75 0 1
-0.68  0.68  4.02 0 0
-0.72  0.68  4.02 1 0
 9

-0.68  0.68  2.75 0 1
-0.72  0.68  2.75 1 1
-0.72  0.68  4.02 1 0
 9

// wspornik_polowa_B
-0.67  0.63  3.45 0 1
-0.67  0.68  3.45 0 0
-0.67  0.68  4.02 1 0
 9

-0.67  0.63  3.45 0 1
-0.67  0.63  4.02 1 1
-0.67  0.68  4.02 1 0
 9

// wspornik_polowa_D
-0.63  0.63  4.02 0 1
-0.63  0.68  4.02 0 0
-0.63  0.68  3.45 1 0
 9

-0.63  0.63  4.02 0 1
-0.63  0.63  3.45 1 1
-0.63  0.68  3.45 1 0
 9

// wspornik_polowa_E
-0.63  0.63  4.02 0 1
-0.63  0.63  3.45 0 0
-0.67  0.63  3.45 1 0
 9

-0.63  0.63  4.02 0 1
-0.67  0.63  4.02 1 1
-0.67  0.63  3.45 1 0
 9

// wspornik_polowa_F
-0.63  0.68  3.45 0 1
-0.63  0.68  4.02 0 0
-0.67  0.68  4.02 1 0
 9

-0.63  0.68  3.45 0 1
-0.67  0.68  3.45 1 1
-0.67  0.68  4.02 1 0
 9


// lacznie trojkatow : 16
