NUMPOLLIES 10

//**************************** BLAT
// blat
 0.00  0.31  0.0 0 8
 0.00  0.31  2 0 0
 0.04  0.31  2 0.75 0
 7

 0.04  0.31  2 0.75 0
 0.04  0.31  0.0 0.75 8
 0.00  0.31  0.0 0 8
 7

// obramowanie blatu
0.0  0.31  2 8 0
0.0  0.31  0.0 0 0
0.0  0.0  0.0 0 2
7
0.0  0.0  0.0 0 2
0.0  0.0  2 8 2
0.0  0.31  2 8 0
7
// obramowanie blatu2
0.04  0.0  0.0 0 2
0.04  0.31  0.0 0 0
0.04  0.31  2 8 0
7
0.04  0.31  2 8 0
0.04  0.0  2 8 2
0.04  0.0  0.0 0 2
7
// obramowanie3
 0.04 0.31  2 0.75 0
 0  0.31  2 0 0
 0  0.0  2 0 2
7
 0  0.0  2 0 2
 0.04 0.0 2 0.75 2
 0.04 0.31  2 0.75 0
7
// obramowanie4
 0  0.0  0.0 0 2
 0  0.31  0.0 0 0
 0.04 0.31  0.0 0.75 0
7
 0.04 0.31  0.0 1 0
 0.04 0.0 0.0 0.75 2
 0  0.0  0.0 0 2
7
