
NUMPOLLIES 40

// main_A
 0  1.62  0 0 14.25
 0  6.614  0 0 0
 6  6.614  0 17 0
2
 6  6.614  0 17 0
 6  1.62  0 17 14.25
 0  1.62  0 0 14.25
2


// main_B_straight_top
 6  1.62  5.8 0 14.25
 6  6.614  5.8 0 0
 6  6.614  6 0.5 0
2
 6  6.614  6 0.5 0
 6  1.62  6 0.5 14.25
 6  1.62  5.8 0 14.25
2


// main_D
 0  1.62  6 0  14.25 
 0  6.614  6 0 0
 0  6.614  5.8 0.5 0
2

 0  6.614  5.8 0.5 0
 0  1.62  5.8 0.5  14.25
 0  1.62  6 0  14.25 
2

// main_F
 0  6.614  0 0 6
 0  6.614  6 0 0
 6  6.614  6 6 0
2
 6  6.614  6 6 0
 6  6.614  0 6 6
 0  6.614  0 0 6
2

// **************** dodatkowy pas 'zoltych' kafli - dla dokladnosci
// main_bottom_A
 0  0.33  0 0 4
 0  1.62  0 0 -0.81
 6  1.62  0 17 -0.81
2
 6  1.62  0 17 -0.81
 6  0.33  0 17 4
 0  0.33  0 0 4
2

// main_bottom_B
 6  0.33  0 0 4
 6  1.62 0 0 -0.81
 6  1.62  2.85 8.09 -0.81
2
 6  1.62  2.85 8.09 -0.81
 6  0.33  2.85 8.09 4
 6  0.33  0 0 4
2


// main_bottom_D
 0  0.33  2.85 -0.083 4
 0  1.62  2.85 -0.083 -0.81
 0  1.62  0 8.09 -0.81
2
 0  1.62  0 8.09 -0.81
 0  0.33  0 8.09 4
 0  0.33  2.85 -0.083 4
2


// main_bottom_B2
 6  1.62  0 0 2.25
 6  2.315 0 0 0
 6  2.315  5.8 16.45 0
2
 6  2.315 5.8 16.45 0
 6  1.62  5.8 16.45 2.25
 6  1.62  0 0 2.25
2

// main_bottom_B3(top)
 6  4.155  0 0 6
 6  6.614 0 0 0
 6  6.614  5.8 16.45 0
2
 6  6.614 5.8 16.45 0
 6  4.155  5.8 16.45 6
 6  4.155  0 0 6
2
// main_bottom_B4(bok1)
 6  2.315  4.1 -0.4 6
 6  4.155 4.1 -0.4 0
 6  4.155  5.8 4.5 0
2
 6  4.155 5.8 4.5 0
 6  2.315  5.8 4.5 6
 6  2.315  4.1 -0.4 6
2
// main_bottom_B3(bok2)
 6  2.315  0 0 6
 6  4.155 0 0 0
 6  4.155  1.4 4 0
2
 6  4.155 1.4 4 0
 6  2.315  1.4 4 6
 6  2.315  0 0 6
2


// main_bottom_D2
 0  2.315  5.8 16.45 0
 0  2.315 0 0 0
 0  1.62  0 0 2.25
2
 0  1.62  0 0 2.25
 0  1.62  5.8 16.45 2.25
 0  2.315 5.8 16.45 0
2

// main_bottom_D3(top)
 0  6.614  5.8 16.45 0
 0  6.614 0 0 0
 0  4.155  0 0 6
2
 0  4.155  0 0 6
 0  4.155  5.8 16.45 6
 0  6.614 5.8 16.45 0
2
// main_bottom_D4(bok1)
 0  4.155  5.8 4.5 0
 0  4.155 4.1 -0.4 0
 0  2.315  4.1 -0.4 6
2
 0  2.315  4.1 -0.4 6
 0  2.315  5.8 4.5 6
 0  4.155 5.8 4.5 0
2
// main_bottom_D3(bok2)
 0  4.155  1.4 4 0
 0  4.155 0 0 0
 0  2.315  0 0 6
2
 0  2.315  0 0 6
 0  2.315  1.4 4 6
 0  4.155 1.4 4 0
2

// *************** DOLNY PASEK BUDYNKU

// main_bottom_A
 0  0  0 0 1
 0  0.33  0 0 0
 6  0.33 0 17 0
1

 6  0.33  0 17 0
 6  0  0 17 1
 0  0  0 0 1
1

// main_bottom_B
 6  0  0 0 1
 6  0.33 0 0 0
 6  0.33  2.85 8 0
1
 6  0.33  2.85 8 0
 6  0  2.85 8 1
 6  0  0 0 1
1

// main_bottom_D
 0  0  2.85 0 1
 0  0.33  2.85 0 0
 0  0.33  0 8 0
1

 0  0.33  0 8 0
 0  0  0 8 1
 0  0  2.85 0 1
1
// *************** czesci wyzsze! przod i tyl
// main_bottom2_D
 0  0.57 6 9 0
 0  0.57 2.85 0 0
 0  0  2.85 0 1
 1
 0  0  2.85 0 1
 0  0  6 9 1
 0  0.57 6 9 0
 1


// main_bottom2_B
 6  0  2.85 0 1
 6  0.57 2.85 0 0
 6  0.57 6 9 0
 1
 6  0.57 6 9 0
 6  0  6 9 1
 6  0  2.85 0 1
 1


// lacznie trojkatow : 10
