
NUMPOLLIES 2 (bylo22)

// przed wejsciem - szczyt

// podloga - czesc pierwsza
5  0.00 0.6027 0 0
5 0.00  3.438 0 28
6.72  0.00  2.446 14 19
1
6.72  0.00  2.446 14 19
6.72  0.00  1.595 14 10.6
5  0.00  0.6027 0 0
1


// sufit - czesc pierwsza
5.0  1.056  3.24992 1 1
4.9 1.056  3.29992 0 1
4.9  1.056 -0.05 0 0
11
4.9  1.056  -0.05 0 0
5  1.056  0 1 0
5  1.056  3.24992 1 1
11
// sufit czesc druga
4.9  1.056  3.29992 1 1
4.3 1.056  2.79392 0 1
4.3  1.056 0.456 0 0
11
4.3  1.056  0.456 0 0	
4.9  1.056  -0.05 1 0
4.9  1.056  3.29992 1 1
11

// podloga - czesc pierwsza
4.9  0.00 -0.05 0 -0.15
4.9 0.00  3.29992 0 10.15
5.0  0.00  3.24992 0.5 10
23
5  0.00  3.24992 0.5 10
5  0.00  0 0.5 0
4.9  0.00  -0.05 0 -0.15
23
// podloga czesc druga
4.3  0.00 0.456 0.5 1.42
4.3 0.00  2.79392 0.5 8.6
4.9  0.00  3.29992 3 10.15
23

4.9  0.00  3.29992 3 10.15
4.9  0.00  -0.05 3 -0.15
4.3  0.00  0.456 0.5 1.42
23

// poionowa dodatkowa scianka po prawej stronie
4.99  1.056  0.022 1 0
4.92  1.056  -0.02 0 0
4.92  0.0  -0.02 0 1
 11

4.92  0.0  -0.02 0 1
4.99  0.0  0.022 1 1
4.99  1.056  0.022 1 0
 11
// poionowa dodatkowa scianka po prawej stronie - bocznaA
//4.995, 0.32 - 5, 0

5.002  0.0  0.0 0 1
5.002  1.056  0.0 0 0
4.99  1.056  0.022 1 0
 11
4.99  1.056  0.022 1 0
4.99  0.0  0.022 1 1
5.002  0.0  0.0 0 1
 11
// poionowa dodatkowa scianka po prawej stronie - bocznaB
//4.995, 0.32 - 5, 0

4.92  1.056  -0.02 1 0
4.925  1.056  -0.03 0 0
4.925  0.0  -0.03 0 1
 11

4.925  0.0  -0.03 0 1
4.92  0.0  -0.02 1 1
4.92  1.056  -0.02 1 0
 11
// poionowa dodatkowa scianka po lewej stronie
4.15  0.0  4.03992 0 1
4.15  1.056  4.03992 0 0
4.98  1.056  3.21992 1 0
 11
4.98  1.056  3.21992 1 0
4.98  0.0  3.21992 1 1
4.15  0.0 4.03992 0 1
 11
// poionowa dodatkowa scianka po lewej stronie - bocznaA
//4.995, 0.32 - 5, 0
4.98  1.056  3.21992 1 0
5.002  1.056  3.24992 0 0
5.002  0.0  3.24992 0 1
 11

5.002  0.0  3.24992 0 1
4.98  0.0  3.21992 1 1
4.98  1.056  3.21992 1 0
 11
// kontunyacja LEWEJ sciany
3.605  1.056  3.494 1 0
4.15  1.056  4.03992 0 0
4.15  0.0  4.03992 0 1
 11

4.15  0.0  4.03992 0 1
3.605  0.0  3.494 1 1
3.605  1.056  3.494 1 0
 11


// poionowa dodatkowa scianka po lewej stronie - bocznaB
//4.995, 0.32 - 5, 0

4.925  0.0  3.25992 0 1
4.925  1.056  3.25992 0 0
4.92  1.056  3.24992 1 0
 11

4.92  1.056  3.249921 0
4.92  0.0  3.24992 1 1
4.925  0.0  3.25992 0 1
 11



// ERRORZ

4.3  0.00 0.456 0 0
4.3 0.00  2.79392 0 11
5.0  0.00  3.24992 35 11
22

5  0.00  3.24992 35 11
5  0.00  0 35 0
4.3  0.00  0.456 0 0
22


4.9  0.00 0.456 0 0
4.9 0.00  3.24992 0 11
5.0  0.00  3.24992 35 11
22

5  0.00  3.24992 35 11
5  0.00  0 35 0
4.9  0.00  0.456 0 0
22