NUMPOLLIES 48
// ***********************************  SUFIT 
// zewnetrzny pas1
-3.05  1.83  4.86 1 1
-3.2  1.83  4.86 0 1
-3.2  1.83  2.74 0 0
 11

-3.2  1.83  2.74 0 0
-3.05  1.83  2.74 1 0
-3.05 1.83  4.86 1 1
 11

// zewnetrzny pas2
-3.85  1.83  4.86 1 1
-4  1.83  4.86 0 1
-4  1.83  2.74 0 0
 11
-4  1.83  2.74 0 0
-3.85  1.83  2.74 1 0
-3.85 1.83  4.86 1 1
 11
// zewnetrzny pas3
-3.2  1.83  2.82 1 1
-3.85  1.83  2.82 0 1
-3.85  1.83  2.74 0 0
 11
-3.85  1.83  2.74 0 0
-3.2  1.83  2.74 1 0
-3.2 1.83  2.82 1 1
 11
// zewnetrzny pas4
-3.2  1.83  4.86 1 1
-3.85  1.83  4.86 0 1
-3.85  1.83  4.76 0 0
 11
-3.85  1.83  4.76 0 0
-3.2  1.83  4.76 1 0
-3.2 1.83  4.86 1 1
 11
// kwadrat_sufitu #1
// kwadrat_sufitu_E
-3.201  1.83  4.3722 0 1
-3.201  1.83  4.759 0 0
-3.5245  1.83  4.759 1 0
 11

-3.5245  1.83  4.759 1 0
-3.5245  1.83  4.3722 1 1
-3.201  1.83  4.3722 0 1
 11

// kwadrat_sufitu #2
// kwadrat_sufitu_E
-3.201  1.83  3.9844 0 1
-3.201  1.83  4.3712 0 0
-3.5245  1.83  4.3712 1 0
 11

-3.5245  1.83  4.3712 1 0
-3.5245  1.83  3.9844 1 1
-3.201  1.83  3.9844 0 1
 11

// kwadrat_sufitu #3
// kwadrat_sufitu_E
-3.201  1.83  3.5966 0 1
-3.201  1.83  3.9834 0 0
-3.5245  1.83  3.9834 1 0
 11

-3.5245  1.83  3.9834 1 0
-3.5245  1.83  3.5966 1 1
-3.201  1.83  3.5966 0 1
 11

// kwadrat_sufitu #4
// kwadrat_sufitu_E
-3.201  1.83  3.2088 0 1
-3.201  1.83  3.5956 0 0
-3.5245  1.83  3.5956 1 0
 11

-3.5245  1.83  3.5956 1 0
-3.5245  1.83  3.2088 1 1
-3.201  1.83  3.2088 0 1
 11

// kwadrat_sufitu #5
// kwadrat_sufitu_E
-3.201  1.83  2.821 0 1
-3.201  1.83  3.2078 0 0
-3.5245  1.83  3.2078 1 0
 11

-3.5245  1.83  3.2078 1 0
-3.5245  1.83  2.821 1 1
-3.201  1.83  2.821 0 1
 11

// *********** DRUGI


// kwadrat_sufitu2 #1
// kwadrat_sufitu2_E
-3.5255  1.83  4.3722 0 1
-3.5255  1.83  4.759 0 0
-3.849  1.83  4.759 1 0
 11

-3.849  1.83  4.759 1 0
-3.849  1.83  4.3722 1 1
-3.5255  1.83  4.3722 0 1
 11

// kwadrat_sufitu2 #2
// kwadrat_sufitu2_E
-3.5255  1.83  3.9844 0 1
-3.5255  1.83  4.3712 0 0
-3.849  1.83  4.3712 1 0
 11

-3.849  1.83  4.3712 1 0
-3.849  1.83  3.9844 1 1
-3.5255  1.83  3.9844 0 1
 11

// kwadrat_sufitu2 #3
// kwadrat_sufitu2_E
-3.5255  1.83  3.5966 0 1
-3.5255  1.83  3.9834 0 0
-3.849  1.83  3.9834 1 0
 11

-3.849  1.83  3.9834 1 0
-3.849  1.83  3.5966 1 1
-3.5255  1.83  3.5966 0 1
 11

// kwadrat_sufitu2 #4
// kwadrat_sufitu2_E
-3.5255  1.83  3.2088 0 1
-3.5255  1.83  3.5956 0 0
-3.849  1.83  3.5956 1 0
 11

-3.849  1.83  3.5956 1 0
-3.849  1.83  3.2088 1 1
-3.5255  1.83  3.2088 0 1
 11

// kwadrat_sufitu2 #5
// kwadrat_sufitu2_E
-3.5255  1.83  2.821 0 1
-3.5255  1.83  3.2078 0 0
-3.849  1.83  3.2078 1 0
 11

-3.849  1.83  3.2078 1 0
-3.849  1.83  2.821 1 1
-3.5255  1.83  2.821 0 1
 11
// czarny pasek dlugi 1
-3.849  1.83  2.821 0 1
-3.849  1.83  4.76 0 0
-3.85  1.83  4.76 1 0
5
-3.85  1.83  4.76 1 0
-3.85  1.83  2.821 1 1
-3.849  1.83  2.821 0 1
5
// czarny pasek dlugi 2
-3.2  1.83  2.820 0 1
-3.2  1.83  4.76 0 0
-3.201  1.83  4.76 1 0
5
-3.201  1.83  4.76 1 0
-3.201  1.83  2.820 1 1
-3.2  1.83  2.820 0 1
5
// czarny pasek dlugi 3
-3.5245  1.83  2.820 0 1
-3.5245  1.83  4.76 0 0
-3.5255  1.83  4.76 1 0
5
-3.5255  1.83  4.76 1 0
-3.5255  1.83  2.820 1 1
-3.5245  1.83  2.820 0 1
5
// pasek_Czarny #1
// pasek_Czarny_E
-3.201  1.83  2.821 0 1
-3.201  1.83  2.82 0 0
-3.849  1.83  2.82 1 0
 5

-3.849  1.83  2.82 1 0
-3.849  1.83  2.821 1 1
-3.201  1.83  2.821 0 1
 5
// pasek_Czarny_E
-3.201  1.83 3.2088 0 1
-3.201  1.83  3.2078 0 0
-3.849  1.83  3.2078 1 0
 5

-3.849  1.83  3.2078 1 0
-3.849  1.83  3.2088 1 1
-3.201  1.83  3.2088 0 1
 5
// pasek_Czarny_E
-3.201  1.83 3.5966 0 1
-3.201  1.83  3.5956 0 0
-3.849  1.83  3.5956 1 0
 5

-3.849  1.83  3.5956 1 0
-3.849  1.83  3.5966 1 1
-3.201  1.83  3.5966 0 1
 5
// pasek_Czarny_E
-3.201  1.83 3.9844 0 1
-3.201  1.83  3.9834 0 0
-3.849  1.83  3.9834 1 0
 5

-3.849  1.83  3.9834 1 0
-3.849  1.83  3.9844 1 1
-3.201  1.83  3.9844 0 1
 5
// pasek_Czarny_E
-3.201  1.83 4.3722 0 1
-3.201  1.83  4.3712 0 0
-3.849  1.83  4.3712 1 0
 5

-3.849  1.83  4.3712 1 0
-3.849  1.83  4.3722 1 1
-3.201  1.83  4.3722 0 1
 5
// pasek_Czarny_E
-3.201  1.83 4.76 0 1
-3.201  1.83  4.759 0 0
-3.849  1.83  4.759 1 0
 5

-3.849  1.83  4.759 1 0
-3.849  1.83  4.76 1 1
-3.201  1.83  4.76 0 1
 5



// poszukiwana sciana reprezentatywne polpoziomu - spora sciana zwrocona "na zewnatrz"
// dziwna_sciana_pod_schodami 1
-3.05  1.83  2.8 0 1
-3.05  1.98  2.8 0 0
-3.05  1.98  4.02 1 0
 11

-3.05  1.98  4.02 1 0
-3.05  1.83  4.02 1 1
-3.05  1.83  2.8 0 1
 11

