
NUMPOLLIES xx 

// dolna_rama_B
-0.02  0  0.01 0 1
-0.02  0.01  0.01 0 0
-0.02  0.01  0.318 1 0
 5

-0.02  0  0.01 0 1
-0.02  0  0.318 1 1
-0.02  0.01  0.318 1 0
 5

// dolna_rama_D
-0.02  0  0.318 0 1
-0.02  0.01  0.318 0 0
-0.02  0.01  0.01 1 0
 5

-0.02  0  0.318 0 1
-0.02  0  0.01 1 1
-0.02  0.01  0.01 1 0
 5

// dolna_rama_F
-0.02  0.01  0.01 0 1
-0.02  0.01  0.318 0 0
-0.02  0.01  0.318 1 0
 5

-0.02  0.01  0.01 0 1
-0.02  0.01  0.01 1 1
-0.02  0.01  0.318 1 0
 5

// gorna_rama_B
-0.02  0.75  0.318 0 1
-0.02  0.76  0.318 0 0
-0.02  0.76  0.318 1 0
 5

-0.02  0.75  0.318 0 1
-0.02  0.75  0.318 1 1
-0.02  0.76  0.318 1 0
 5

// gorna_rama_D
-0.02  0.75  0.318 0 1
-0.02  0.76  0.318 0 0
-0.02  0.76  0.318 1 0
 5

-0.02  0.75  0.318 0 1
-0.02  0.75  0.318 1 1
-0.02  0.76  0.318 1 0
 5

// gorna_rama_F
-0.02  0.76  0.318 0 1
-0.02  0.76  0.318 0 0
-0.02  0.76  0.318 1 0
 5

-0.02  0.76  0.318 0 1
-0.02  0.76  0.318 1 1
-0.02  0.76  0.318 1 0
 5


// lacznie trojkatow : 12
