
NUMPOLLIES xx 

// czarne1_B
 0.03  0.01  0.04 0 0.2
 0.03  0.03  0.04 0 0
 0.03  0.03  0.58 5.4 0
 5

 0.03  0.01  0.04 0 0.2
 0.03  0.01  0.58 5.4 0.2
 0.03  0.03  0.58 5.4 0
 5

// czarne1_D
 0.01  0.01  0.58 0 0.2
 0.01  0.03  0.58 0 0
 0.01  0.03  0.04 5.4 0
 5

 0.01  0.01  0.58 0 0.2
 0.01  0.01  0.04 5.4 0.2
 0.01  0.03  0.04 5.4 0
 5

// czarne1_E
 0.01  0.01  0.58 0 0.2
 0.01  0.01  0.04 0 0
 0.03  0.01  0.04 5.4 0
 5

 0.01  0.01  0.58 0 0.2
 0.03  0.01  0.58 5.4 0.2
 0.03  0.01  0.04 5.4 0
 5

// czarne1_F
 0.01  0.03  0.04 0 0.2
 0.01  0.03  0.58 0 0
 0.03  0.03  0.58 5.4 0
 5

 0.01  0.03  0.04 0 0.2
 0.03  0.03  0.04 5.4 0.2
 0.03  0.03  0.58 5.4 0
 5

// czarne2_B
 0.11  0.01  0.04 0 0.2
 0.11  0.03  0.04 0 0
 0.11  0.03  0.58 5.4 0
 5

 0.11  0.01  0.04 0 0.2
 0.11  0.01  0.58 5.4 0.2
 0.11  0.03  0.58 5.4 0
 5

// czarne2_D
 0.09  0.01  0.58 0 0.2
 0.09  0.03  0.58 0 0
 0.09  0.03  0.04 5.4 0
 5

 0.09  0.01  0.58 0 0.2
 0.09  0.01  0.04 5.4 0.2
 0.09  0.03  0.04 5.4 0
 5

// czarne2_E
 0.09  0.01  0.58 0 0.2
 0.09  0.01  0.04 0 0
 0.11  0.01  0.04 5.4 0
 5

 0.09  0.01  0.58 0 0.2
 0.11  0.01  0.58 5.4 0.2
 0.11  0.01  0.04 5.4 0
 5

// czarne2_F
 0.09  0.03  0.04 0 0.2
 0.09  0.03  0.58 0 0
 0.11  0.03  0.58 5.4 0
 5

 0.09  0.03  0.04 0 0.2
 0.11  0.03  0.04 5.4 0.2
 0.11  0.03  0.58 5.4 0
 5

// czarne_middle1_A
 0.03  0.01  0.16 0 0.2
 0.03  0.03  0.16 0 0
 0.09  0.03  0.16 0.6 0
 5

 0.03  0.01  0.16 0 0.2
 0.09  0.01  0.16 0.6 0.2
 0.09  0.03  0.16 0.6 0
 5

// czarne_middle1_C
 0.09  0.01  0.18 0 0.2
 0.09  0.03  0.18 0 0
 0.03  0.03  0.18 0.6 0
 5

 0.09  0.01  0.18 0 0.2
 0.03  0.01  0.18 0.6 0.2
 0.03  0.03  0.18 0.6 0
 5

// czarne_middle1_E
 0.03  0.01  0.18 0 0.2
 0.03  0.01  0.16 0 0
 0.09  0.01  0.16 0.6 0
 5

 0.03  0.01  0.18 0 0.2
 0.09  0.01  0.18 0.6 0.2
 0.09  0.01  0.16 0.6 0
 5

// czarne_middle1_F
 0.03  0.03  0.16 0 0.2
 0.03  0.03  0.18 0 0
 0.09  0.03  0.18 0.6 0
 5

 0.03  0.03  0.16 0 0.2
 0.09  0.03  0.16 0.6 0.2
 0.09  0.03  0.18 0.6 0
 5

// czarne_middle2_A
 0.03  0.01  0.46 0 0.2
 0.03  0.03  0.46 0 0
 0.09  0.03  0.46 0.6 0
 5

 0.03  0.01  0.46 0 0.2
 0.09  0.01  0.46 0.6 0.2
 0.09  0.03  0.46 0.6 0
 5

// czarne_middle2_C
 0.09  0.01  0.48 0 0.2
 0.09  0.03  0.48 0 0
 0.03  0.03  0.48 0.6 0
 5

 0.09  0.01  0.48 0 0.2
 0.03  0.01  0.48 0.6 0.2
 0.03  0.03  0.48 0.6 0
 5

// czarne_middle2_E
 0.03  0.01  0.48 0 0.2
 0.03  0.01  0.46 0 0
 0.09  0.01  0.46 0.6 0
 5

 0.03  0.01  0.48 0 0.2
 0.09  0.01  0.48 0.6 0.2
 0.09  0.01  0.46 0.6 0
 5

// czarne_middle2_F
 0.03  0.03  0.46 0 0.2
 0.03  0.03  0.48 0 0
 0.09  0.03  0.48 0.6 0
 5

 0.03  0.03  0.46 0 0.2
 0.09  0.03  0.46 0.6 0.2
 0.09  0.03  0.48 0.6 0
 5


// lacznie trojkatow : 32
