
NUMPOLLIES xx 

// czarne1_A
 0.04  0.01  0.015 0 0.01
 0.04  0.02  0.015 0 0
 0.58  0.02  0.015 0.54 0
 6

 0.04  0.01  0.015 0 0.01
 0.58  0.01  0.015 0.54 0.01
 0.58  0.02  0.015 0.54 0
 6

// czarne1_C
 0.58  0.01  0.025 0 0.01
 0.58  0.02  0.025 0 0
 0.04  0.02  0.025 0.54 0
 6

 0.58  0.01  0.025 0 0.01
 0.04  0.01  0.025 0.54 0.01
 0.04  0.02  0.025 0.54 0
 6

// czarne1_E
 0.04  0.01  0.025 0 0.01
 0.04  0.01  0.015 0 0
 0.58  0.01  0.015 0.54 0
 6

 0.04  0.01  0.025 0 0.01
 0.58  0.01  0.025 0.54 0.01
 0.58  0.01  0.015 0.54 0
 6

// czarne1_F
 0.04  0.02  0.015 0 0.01
 0.04  0.02  0.025 0 0
 0.58  0.02  0.025 0.54 0
 6

 0.04  0.02  0.015 0 0.01
 0.58  0.02  0.015 0.54 0.01
 0.58  0.02  0.025 0.54 0
 6

// czarne2_A
 0.04  0.01  0.095 0 0.01
 0.04  0.02  0.095 0 0
 0.58  0.02  0.095 0.54 0
 6

 0.04  0.01  0.095 0 0.01
 0.58  0.01  0.095 0.54 0.01
 0.58  0.02  0.095 0.54 0
 6

// czarne2_C
 0.58  0.01  0.105 0 0.01
 0.58  0.02  0.105 0 0
 0.04  0.02  0.105 0.54 0
 6

 0.58  0.01  0.105 0 0.01
 0.04  0.01  0.105 0.54 0.01
 0.04  0.02  0.105 0.54 0
 6

// czarne2_E
 0.04  0.01  0.105 0 0.01
 0.04  0.01  0.095 0 0
 0.58  0.01  0.095 0.54 0
 6

 0.04  0.01  0.105 0 0.01
 0.58  0.01  0.105 0.54 0.01
 0.58  0.01  0.095 0.54 0
 6

// czarne2_F
 0.04  0.02  0.095 0 0.01
 0.04  0.02  0.105 0 0
 0.58  0.02  0.105 0.54 0
 6

 0.04  0.02  0.095 0 0.01
 0.58  0.02  0.095 0.54 0.01
 0.58  0.02  0.105 0.54 0
 6

// czarne_middle1_B
 0.17  0.01  0.025 0 0.01
 0.17  0.02  0.025 0 0
 0.17  0.02  0.095 0.07 0
 6

 0.17  0.01  0.025 0 0.01
 0.17  0.01  0.095 0.07 0.01
 0.17  0.02  0.095 0.07 0
 6

// czarne_middle1_D
 0.16  0.01  0.095 0 0.01
 0.16  0.02  0.095 0 0
 0.16  0.02  0.025 0.07 0
 6

 0.16  0.01  0.095 0 0.01
 0.16  0.01  0.025 0.07 0.01
 0.16  0.02  0.025 0.07 0
 6

// czarne_middle1_E
 0.16  0.01  0.095 0 0.01
 0.16  0.01  0.025 0 0
 0.17  0.01  0.025 0.07 0
 6

 0.16  0.01  0.095 0 0.01
 0.17  0.01  0.095 0.07 0.01
 0.17  0.01  0.025 0.07 0
 6

// czarne_middle1_F
 0.16  0.02  0.025 0 0.01
 0.16  0.02  0.095 0 0
 0.17  0.02  0.095 0.07 0
 6

 0.16  0.02  0.025 0 0.01
 0.17  0.02  0.025 0.07 0.01
 0.17  0.02  0.095 0.07 0
 6

// czarne_middle2_B
 0.46  0.01  0.025 0 0.01
 0.46  0.02  0.025 0 0
 0.46  0.02  0.095 0.07 0
 6

 0.46  0.01  0.025 0 0.01
 0.46  0.01  0.095 0.07 0.01
 0.46  0.02  0.095 0.07 0
 6

// czarne_middle2_D
 0.45  0.01  0.095 0 0.01
 0.45  0.02  0.095 0 0
 0.45  0.02  0.025 0.07 0
 6

 0.45  0.01  0.095 0 0.01
 0.45  0.01  0.025 0.07 0.01
 0.45  0.02  0.025 0.07 0
 6

// czarne_middle2_E
 0.45  0.01  0.095 0 0.01
 0.45  0.01  0.025 0 0
 0.46  0.01  0.025 0.07 0
 6

 0.45  0.01  0.095 0 0.01
 0.46  0.01  0.095 0.07 0.01
 0.46  0.01  0.025 0.07 0
 6

// czarne_middle2_F
 0.45  0.02  0.025 0 0.01
 0.45  0.02  0.095 0 0
 0.46  0.02  0.095 0.07 0
 6

 0.45  0.02  0.025 0 0.01
 0.46  0.02  0.025 0.07 0.01
 0.46  0.02  0.095 0.07 0
 6


// lacznie trojkatow : 32
