
NUMPOLLIES 28

// h1_A
 0  0  0 0 1
 0  0.18  0 0 0
 0.04  0.18  0 1 0
 6

 0  0  0 0 1
 0.04  0  0 1 1
 0.04  0.18  0 1 0
 6

// h1_B
 0.04  0  0 0 1
 0.04  0.18  0 0 0
 0.04  0.18  0.04 1 0
 6

 0.04  0  0 0 1
 0.04  0  0.04 1 1
 0.04  0.18  0.04 1 0
 6

// h1_C
 0.04  0  0.04 0 1
 0.04  0.18  0.04 0 0
 0  0.18  0.04 1 0
 6

 0.04  0  0.04 0 1
 0  0  0.04 1 1
 0  0.18  0.04 1 0
 6

// h1_D
 0  0  0.04 0 1
 0  0.18  0.04 0 0
 0  0.18  0 1 0
 6

 0  0  0.04 0 1
 0  0  0 1 1
 0  0.18  0 1 0
 6

// h1_F
 0  0.18  0 0 1
 0  0.18  0.04 0 0
 0.04  0.18  0.04 1 0
 6

 0  0.18  0 0 1
 0.04  0.18  0 1 1
 0.04  0.18  0.04 1 0
 6

// h2_A
 0  0  0.08 0 1
 0  0.18  0.08 0 0
 0.04  0.18  0.08 1 0
 6

 0  0  0.08 0 1
 0.04  0  0.08 1 1
 0.04  0.18  0.08 1 0
 6

// h2_B
 0.04  0  0.08 0 1
 0.04  0.18  0.08 0 0
 0.04  0.18  0.12 1 0
 6

 0.04  0  0.08 0 1
 0.04  0  0.12 1 1
 0.04  0.18  0.12 1 0
 6

// h2_C
 0.04  0  0.12 0 1
 0.04  0.18  0.12 0 0
 0  0.18  0.12 1 0
 6

 0.04  0  0.12 0 1
 0  0  0.12 1 1
 0  0.18  0.12 1 0
 6

// h2_D
 0  0  0.12 0 1
 0  0.18  0.12 0 0
 0  0.18  0.08 1 0
 6

 0  0  0.12 0 1
 0  0  0.08 1 1
 0  0.18  0.08 1 0
 6

// h2_F
 0  0.18  0.08 0 1
 0  0.18  0.12 0 0
 0.04  0.18  0.12 1 0
 6

 0  0.18  0.08 0 1
 0.04  0.18  0.08 1 1
 0.04  0.18  0.12 1 0
 6

// h_middle_B
 0.04  0.07  0.04 0 1
 0.04  0.11  0.04 0 0
 0.04  0.11  0.08 1 0
 6

 0.04  0.07  0.04 0 1
 0.04  0.07  0.08 1 1
 0.04  0.11  0.08 1 0
 6

// h_middle_D
 0  0.07  0.08 0 1
 0  0.11  0.08 0 0
 0  0.11  0.04 1 0
 6

 0  0.07  0.08 0 1
 0  0.07  0.04 1 1
 0  0.11  0.04 1 0
 6

// h_middle_E
 0  0.07  0.08 0 1
 0  0.07  0.04 0 0
 0.04  0.07  0.04 1 0
 6

 0  0.07  0.08 0 1
 0.04  0.07  0.08 1 1
 0.04  0.07  0.04 1 0
 6

// h_middle_F
 0  0.11  0.04 0 1
 0  0.11  0.08 0 0
 0.04  0.11  0.08 1 0
 6

 0  0.11  0.04 0 1
 0.04  0.11  0.04 1 1
 0.04  0.11  0.08 1 0
 6


// lacznie trojkatow : 28
