
NUMPOLLIES xx 

// kolumna_A
-0.65  0.39  2.7 0 1
-0.65  1.2  2.7 0 0
-0.5  1.2  2.7 1 0
 11

-0.65  0.39  2.7 0 1
-0.5  0.39  2.7 1 1
-0.5  1.2  2.7 1 0
 11

// kolumna_B
-0.5  0.39  2.7 0 1
-0.5  1.2  2.7 0 0
-0.5  1.2  2.75 1 0
 11

-0.5  0.39  2.7 0 1
-0.5  0.39  2.75 1 1
-0.5  1.2  2.75 1 0
 11

// kolumna_C
-0.5  0.39  2.75 0 1
-0.5  1.2  2.75 0 0
-0.65  1.2  2.75 1 0
 11

-0.5  0.39  2.75 0 1
-0.65  0.39  2.75 1 1
-0.65  1.2  2.75 1 0
 11

// kolumna_D
-0.65  0.39  2.75 0 1
-0.65  1.2  2.75 0 0
-0.65  1.2  2.7 1 0
 11

-0.65  0.39  2.75 0 1
-0.65  0.39  2.7 1 1
-0.65  1.2  2.7 1 0
 11


// lacznie trojkatow : 8
