
NUMPOLLIES xx 

// lada1_A
 2  0  1.75 0 1
 2  0.55  1.75 0 0
 2.75  0.55  1.75 1 0
 3

 2  0  1.75 0 1
 2.75  0  1.75 1 1
 2.75  0.55  1.75 1 0
 3

// lada1_C
 2.75  0  2 0 1
 2.75  0.55  2 0 0
 2  0.55  2 1 0
 3

 2.75  0  2 0 1
 2  0  2 1 1
 2  0.55  2 1 0
 3

// lada1_F
 2  0.55  1.75 0 1
 2  0.55  2 0 0
 2.75  0.55  2 1 0
 3

 2  0.55  1.75 0 1
 2.75  0.55  1.75 1 1
 2.75  0.55  2 1 0
 3

// lada2_A
 3  0  1.75 0 1
 3  0.55  1.75 0 0
 6  0.55  1.75 1 0
 3

 3  0  1.75 0 1
 6  0  1.75 1 1
 6  0.55  1.75 1 0
 3

// lada2_C
 6  0  2 0 1
 6  0.55  2 0 0
 3  0.55  2 1 0
 3

 6  0  2 0 1
 3  0  2 1 1
 3  0.55  2 1 0
 3

// lada2_F
 3  0.55  1.75 0 1
 3  0.55  2 0 0
 6  0.55  2 1 0
 3

 3  0.55  1.75 0 1
 6  0.55  1.75 1 1
 6  0.55  2 1 0
 3


// lacznie trojkatow : 12
