
NUMPOLLIES xx 

// wienczenie_murku_A
 1.28  0.804  1.88 0 0.6
 1.28  0.864  1.88 0 0
 1.64  0.864  1.88 3.6 0
 1

 1.28  0.804  1.88 0 0.6
 1.64  0.804  1.88 3.6 0.6
 1.64  0.864  1.88 3.6 0
 1

// wienczenie_murku_B
 1.64  0.804  1.88 0 0.6
 1.64  0.864  1.88 0 0
 1.64  0.864  3.4 15.2 0
 1

 1.64  0.804  1.88 0 0.6
 1.64  0.804  3.4 15.2 0.6
 1.64  0.864  3.4 15.2 0
 1

// wienczenie_murku_C
 1.64  0.804  3.4 0 0.6
 1.64  0.864  3.4 0 0
 1.28  0.864  3.4 3.6 0
 1

 1.64  0.804  3.4 0 0.6
 1.28  0.804  3.4 3.6 0.6
 1.28  0.864  3.4 3.6 0
 1

// wienczenie_murku_D
 1.28  0.804  3.4 0 0.6
 1.28  0.864  3.4 0 0
 1.28  0.864  1.88 15.2 0
 1

 1.28  0.804  3.4 0 0.6
 1.28  0.804  1.88 15.2 0.6
 1.28  0.864  1.88 15.2 0
 1

// wienczenie_murku_F
 1.28  0.864  1.88 0 15.2
 1.28  0.864  3.4 0 0
 1.64  0.864  3.4 3.6 0
 1

 1.28  0.864  1.88 0 15.2
 1.64  0.864  1.88 3.6 15.2
 1.64  0.864  3.4 3.6 0
 1


// lacznie trojkatow : 10
