
NUMPOLLIES xx 

// pionowa_A
 0.08  1.6452  0.02 0 1
 0.08  5.98  0.02 0 0
 0.1  5.98  0.02 1 0
 5

 0.08  1.6452  0.02 0 1
 0.1  1.6452  0.02 1 1
 0.1  5.98  0.02 1 0
 5

// pionowa_B
 0.1  1.6452  0.02 0 1
 0.1  5.98  0.02 0 0
 0.1  5.98  0.03 1 0
 5

 0.1  1.6452  0.02 0 1
 0.1  1.6452  0.03 1 1
 0.1  5.98  0.03 1 0
 5

// pionowa_C
 0.1  1.6452  0.03 0 1
 0.1  5.98  0.03 0 0
 0.08  5.98  0.03 1 0
 5

 0.1  1.6452  0.03 0 1
 0.08  1.6452  0.03 1 1
 0.08  5.98  0.03 1 0
 5

// pionowa_D
 0.08  1.6452  0.03 0 1
 0.08  5.98  0.03 0 0
 0.08  5.98  0.02 1 0
 5

 0.08  1.6452  0.03 0 1
 0.08  1.6452  0.02 1 1
 0.08  5.98  0.02 1 0
 5

// pozioma_B
 0.1  1.6452  0.03 0 1
 0.1  1.6552  0.03 0 0
 0.1  1.6552  5.03 1 0
 5

 0.1  1.6452  0.03 0 1
 0.1  1.6452  5.03 1 1
 0.1  1.6552  5.03 1 0
 5

// pozioma_D
 0.09  1.6452  5.03 0 1
 0.09  1.6552  5.03 0 0
 0.09  1.6552  0.03 1 0
 5

 0.09  1.6452  5.03 0 1
 0.09  1.6452  0.03 1 1
 0.09  1.6552  0.03 1 0
 5

// pozioma_E
 0.09  1.6452  5.03 0 1
 0.09  1.6452  0.03 0 0
 0.1  1.6452  0.03 1 0
 5

 0.09  1.6452  5.03 0 1
 0.1  1.6452  5.03 1 1
 0.1  1.6452  0.03 1 0
 5

// pozioma_F
 0.09  1.6552  0.03 0 1
 0.09  1.6552  5.03 0 0
 0.1  1.6552  5.03 1 0
 5

 0.09  1.6552  0.03 0 1
 0.1  1.6552  0.03 1 1
 0.1  1.6552  5.03 1 0
 5


// lacznie trojkatow : 16
