
NUMPOLLIES 8

// paleta_A
 0  1.35  0 0 1
 0  6  0 0 0
 0.06  6  0 1 0
 9

 0  1.35  0 0 1
 0.06  1.35  0 1 1
 0.06  6  0 1 0
 9

// paleta_C
 0.06  1.35  5 0 1
 0.06  6  5 0 0
 0  6  5 1 0
 9

 0.06  1.35  5 0 1
 0  1.35  5 1 1
 0  6  5 1 0
 9

// paleta_E
 0  1.35  5 0 1
 0  1.35  0 0 0
 0.06  1.35  0 1 0
 9

 0  1.35  5 0 1
 0.06  1.35  5 1 1
 0.06  1.35  0 1 0
 9

// paleta_F
 0  6  0 0 1
 0  6  5 0 0
 0.06  6  5 1 0
 9

 0  6  0 0 1
 0.06  6  0 1 1
 0.06  6  5 1 0
 9


// lacznie trojkatow : 8
