
NUMPOLLIES xx 

// ramka_lewa_A
 0.06  1.6252  0 0 1
 0.06  6  0 0 0
 0.08  6  0 1 0
 9

 0.06  1.6252  0 0 1
 0.08  1.6252  0 1 1
 0.08  6  0 1 0
 9

// ramka_lewa_B
 0.08  1.6252  0 0 1
 0.08  6  0 0 0
 0.08  6  0.02 1 0
 9

 0.08  1.6252  0 0 1
 0.08  1.6252  0.02 1 1
 0.08  6  0.02 1 0
 9

// ramka_lewa_C
 0.08  1.6252  0.02 0 1
 0.08  6  0.02 0 0
 0.06  6  0.02 1 0
 9

 0.08  1.6252  0.02 0 1
 0.06  1.6252  0.02 1 1
 0.06  6  0.02 1 0
 9

// ramka_lewa_D
 0.06  1.6252  0.02 0 1
 0.06  6  0.02 0 0
 0.06  6  0 1 0
 9

 0.06  1.6252  0.02 0 1
 0.06  1.6252  0 1 1
 0.06  6  0 1 0
 9

// ramka_lewa_E
 0.06  1.6252  0.02 0 1
 0.06  1.6252  0 0 0
 0.08  1.6252  0 1 0
 9

 0.06  1.6252  0.02 0 1
 0.08  1.6252  0.02 1 1
 0.08  1.6252  0 1 0
 9

// ramka_lewa_F
 0.06  6  0 0 1
 0.06  6  0.02 0 0
 0.08  6  0.02 1 0
 9

 0.06  6  0 0 1
 0.08  6  0 1 1
 0.08  6  0.02 1 0
 9

// ramka_prawa_A
 0.06  1.6252  5.03 0 1
 0.06  6  5.03 0 0
 0.08  6  5.03 1 0
 9

 0.06  1.6252  5.03 0 1
 0.08  1.6252  5.03 1 1
 0.08  6  5.03 1 0
 9

// ramka_prawa_B
 0.08  1.6252  5.03 0 1
 0.08  6  5.03 0 0
 0.08  6  5.05 1 0
 9

 0.08  1.6252  5.03 0 1
 0.08  1.6252  5.05 1 1
 0.08  6  5.05 1 0
 9

// ramka_prawa_C
 0.08  1.6252  5.05 0 1
 0.08  6  5.05 0 0
 0.06  6  5.05 1 0
 9

 0.08  1.6252  5.05 0 1
 0.06  1.6252  5.05 1 1
 0.06  6  5.05 1 0
 9

// ramka_prawa_D
 0.06  1.6252  5.05 0 1
 0.06  6  5.05 0 0
 0.06  6  5.03 1 0
 9

 0.06  1.6252  5.05 0 1
 0.06  1.6252  5.03 1 1
 0.06  6  5.03 1 0
 9

// ramka_prawa_E
 0.06  1.6252  5.05 0 1
 0.06  1.6252  5.03 0 0
 0.08  1.6252  5.03 1 0
 9

 0.06  1.6252  5.05 0 1
 0.08  1.6252  5.05 1 1
 0.08  1.6252  5.03 1 0
 9

// ramka_prawa_F
 0.06  6  5.03 0 1
 0.06  6  5.05 0 0
 0.08  6  5.05 1 0
 9

 0.06  6  5.03 0 1
 0.08  6  5.03 1 1
 0.08  6  5.05 1 0
 9

// ramka_dolna_B
 0.08  1.6252  0.02 0 1
 0.08  1.6452  0.02 0 0
 0.08  1.6452  5.03 1 0
 9

 0.08  1.6252  0.02 0 1
 0.08  1.6252  5.03 1 1
 0.08  1.6452  5.03 1 0
 9

// ramka_dolna_D
 0.06  1.6252  5.03 0 1
 0.06  1.6452  5.03 0 0
 0.06  1.6452  0.02 1 0
 9

 0.06  1.6252  5.03 0 1
 0.06  1.6252  0.02 1 1
 0.06  1.6452  0.02 1 0
 9

// ramka_dolna_E
 0.06  1.6252  5.03 0 1
 0.06  1.6252  0.02 0 0
 0.08  1.6252  0.02 1 0
 9

 0.06  1.6252  5.03 0 1
 0.08  1.6252  5.03 1 1
 0.08  1.6252  0.02 1 0
 9

// ramka_dolna_F
 0.06  1.6452  0.02 0 1
 0.06  1.6452  5.03 0 0
 0.08  1.6452  5.03 1 0
 9

 0.06  1.6452  0.02 0 1
 0.08  1.6452  0.02 1 1
 0.08  1.6452  5.03 1 0
 9

// ramka_gorna_B
 0.08  5.98  0.02 0 1
 0.08  6  0.02 0 0
 0.08  6  5.03 1 0
 9

 0.08  5.98  0.02 0 1
 0.08  5.98  5.03 1 1
 0.08  6  5.03 1 0
 9

// ramka_gorna_D
 0.06  5.98  5.03 0 1
 0.06  6  5.03 0 0
 0.06  6  0.02 1 0
 9

 0.06  5.98  5.03 0 1
 0.06  5.98  0.02 1 1
 0.06  6  0.02 1 0
 9

// ramka_gorna_E
 0.06  5.98  5.03 0 1
 0.06  5.98  0.02 0 0
 0.08  5.98  0.02 1 0
 9

 0.06  5.98  5.03 0 1
 0.08  5.98  5.03 1 1
 0.08  5.98  0.02 1 0
 9

// ramka_gorna_F
 0.06  6  0.02 0 1
 0.06  6  5.03 0 0
 0.08  6  5.03 1 0
 9

 0.06  6  0.02 0 1
 0.08  6  0.02 1 1
 0.08  6  5.03 1 0
 9


// lacznie trojkatow : 40
