
NUMPOLLIES xx 

// schodek1_D
-3 -0.25  6 0 1
-3  0  6 0 0
-3  0  4 1 0
 1

-3 -0.25  6 0 1
-3 -0.25  4 1 1
-3  0  4 1 0
 1

// schodek1_F
-3  0  4 0 1
-3  0  6 0 0
-2  0  6 1 0
 1

-3  0  4 0 1
-2  0  4 1 1
-2  0  6 1 0
 1

// schodek2_D
-3.25 -0.5  6 0 1
-3.25 -0.25  6 0 0
-3.25 -0.25  4 1 0
 1

-3.25 -0.5  6 0 1
-3.25 -0.5  4 1 1
-3.25 -0.25  4 1 0
 1

// schodek2_F
-3.25 -0.25  4 0 1
-3.25 -0.25  6 0 0
-3 -0.25  6 1 0
 1

-3.25 -0.25  4 0 1
-3 -0.25  4 1 1
-3 -0.25  6 1 0
 1

// schodek3_D
-3.5 -0.75  6 0 1
-3.5 -0.5  6 0 0
-3.5 -0.5  4 1 0
 1

-3.5 -0.75  6 0 1
-3.5 -0.75  4 1 1
-3.5 -0.5  4 1 0
 1

// schodek3_F
-3.5 -0.5  4 0 1
-3.5 -0.5  6 0 0
-3.25 -0.5  6 1 0
 1

-3.5 -0.5  4 0 1
-3.25 -0.5  4 1 1
-3.25 -0.5  6 1 0
 1

// schodek4_D
-3.75 -1  6 0 1
-3.75 -0.75  6 0 0
-3.75 -0.75  4 1 0
 1

-3.75 -1  6 0 1
-3.75 -1  4 1 1
-3.75 -0.75  4 1 0
 1

// schodek4_F
-3.75 -0.75  4 0 1
-3.75 -0.75  6 0 0
-3.5 -0.75  6 1 0
 1

-3.75 -0.75  4 0 1
-3.5 -0.75  4 1 1
-3.5 -0.75  6 1 0
 1


// lacznie trojkatow : 16
