
NUMPOLLIES xx 

// schodek1_A
 0.3  0  0.5 0 0.6
 0.3  0.06  0.5 0 0
 1.432  0.06  0.5 11.32 0
 1

 0.3  0  0.5 0 0.6
 1.432  0  0.5 11.32 0.6
 1.432  0.06  0.5 11.32 0
 1

// schodek1_B
 1.432  0  0.5 0 0.6
 1.432  0.06  0.5 0 0
 1.432  0.06  1.5 10 0
 1

 1.432  0  0.5 0 0.6
 1.432  0  1.5 10 0.6
 1.432  0.06  1.5 10 0
 1

// schodek2_A
 0.3  0.066  0.64 0 0.6
 0.3  0.126  0.64 0 0
 1.366  0.126  0.64 10.66 0
 1

 0.3  0.066  0.64 0 0.6
 1.366  0.066  0.64 10.66 0.6
 1.366  0.126  0.64 10.66 0
 1

// schodek2_B
 1.366  0.066  0.64 0 0.6
 1.366  0.126  0.64 0 0
 1.366  0.126  1.5 8.6 0
 1

 1.366  0.066  0.64 0 0.6
 1.366  0.066  1.5 8.6 0.6
 1.366  0.126  1.5 8.6 0
 1

// schodek3_A
 0.3  1.32  0.78 0 0.6
 0.3  0.2  0.78 0 0
 1.3  0.2  0.78 10 0
 1

 0.3  1.32  0.78 0 0.6
 1.3  1.32  0.78 10 0.6
 1.3  0.2  0.78 10 0
 1

// schodek3_B
 1.3  1.32  0.78 0 0.6
 1.3  0.2  0.78 0 0
 1.3  0.2  1.5 7.2 0
 1

 1.3  1.32  0.78 0 0.6
 1.3  1.32  1.5 7.2 0.6
 1.3  0.2  1.5 7.2 0
 1


// lacznie trojkatow : 12
