
NUMPOLLIES xx 

// sciana6_B
-2  0  5 0 1
-2  2  5 0 0
-2  2  7 1 0
 4

-2  0  5 0 1
-2  0  7 1 1
-2  2  7 1 0
 4

// sciana7_B
 1  0  8 0 1
 1  2  8 0 0
 1  2  10 1 0
 4

 1  0  8 0 1
 1  0  10 1 1
 1  2  10 1 0
 4

// sciana8_B
 6  0  8 0 1
 6  2  8 0 0
 6  2  10 1 0
 4

 6  0  8 0 1
 6  0  10 1 1
 6  2  10 1 0
 4

// sciana9_B
 6  0  0 0 1
 6  2  0 0 0
 6  2  2 1 0
 4

 6  0  0 0 1
 6  0  2 1 1
 6  2  2 1 0
 4

// sciana10_B
 8  0  2 0 1
 8  2  2 0 0
 8  2  8 1 0
 4

 8  0  2 0 1
 8  0  8 1 1
 8  2  8 1 0
 4


// lacznie trojkatow : 10
