
NUMPOLLIES 20 

// sciana1_A
-2  0  8 0 1
-2  2  8 0 0
 1  2  8 1 0
 4

-2  0  8 0 1
 1  0  8 1 1
 1  2  8 1 0
 4

// sciana2_A
 1  0  8 0 1
 1  2  8 0 0
 1  2  8 1 0
 4

 1  0  8 0 1
 1  0  8 1 1
 1  2  8 1 0
 4

// sciana3_A
 1  0  10 0 1
 1  2  10 0 0
 6  2  10 1 0
 4

 1  0  10 0 1
 6  0  10 1 1
 6  2  10 1 0
 4

// sciana4_A
 6  0  10 0 1
 6  2  10 0 0
 6  2  10 1 0
 4

 6  0  10 0 1
 6  0  10 1 1
 6  2  10 1 0
 4

// sciana5_A
 6  0  8 0 1
 6  2  8 0 0
 8  2  8 1 0
 4

 6  0  8 0 1
 8  0  8 1 1
 8  2  8 1 0
 4

// sciana6_A
 8  0  8 0 1
 8  2  8 0 0
 8  2  8 1 0
 4

 8  0  8 0 1
 8  0  8 1 1
 8  2  8 1 0
 4

// sciana7_A
 8  0  2 0 1
 8  2  2 0 0
 6  2  2 1 0
 4

 8  0  2 0 1
 6  0  2 1 1
 6  2  2 1 0
 4

// sciana8_A
 6  0  2 0 1
 6  2  2 0 0
 6  2  2 1 0
 4

 6  0  2 0 1
 6  0  2 1 1
 6  2  2 1 0
 4

// sciana9_A
 6  0  0 0 1
 6  2  0 0 0
-2  2  0 1 0
 4

 6  0  0 0 1
-2  0  0 1 1
-2  2  0 1 0
 4

// sciana10_A
-2  0  5 0 1
-2  2  5 0 0
-2  2  5 1 0
 4

-2  0  5 0 1
-2  0  5 1 1
-2  2  5 1 0
 4


// lacznie trojkatow : 20
