
NUMPOLLIES xx 

// sofa_baza_A
 0  0  0 0 1
 0  0.25  0 0 0
 1  0.25  0 1 0
 3

 0  0  0 0 1
 1  0  0 1 1
 1  0.25  0 1 0
 3

// sofa_baza_B
 1  0  0 0 1
 1  0.25  0 0 0
 1  0.25  0.24 1 0
 3

 1  0  0 0 1
 1  0  0.24 1 1
 1  0.25  0.24 1 0
 3

// sofa_baza_D
 0  0  0.24 0 1
 0  0.25  0.24 0 0
 0  0.25  0 1 0
 3

 0  0  0.24 0 1
 0  0  0 1 1
 0  0.25  0 1 0
 3

// sofa_baza_F
 0  0.25  0 0 1
 0  0.25  0.24 0 0
 1  0.25  0.24 1 0
 3

 0  0.25  0 0 1
 1  0.25  0 1 1
 1  0.25  0.24 1 0
 3

// sofa_plecy_A
 0  0  0.24 0 1
 0  0.625  0.24 0 0
 1  0.625  0.24 1 0
 3

 0  0  0.24 0 1
 1  0  0.24 1 1
 1  0.625  0.24 1 0
 3

// sofa_plecy_B
 1  0  0.24 0 1
 1  0.625  0.24 0 0
 1  0.625  0.32 1 0
 3

 1  0  0.24 0 1
 1  0  0.32 1 1
 1  0.625  0.32 1 0
 3

// sofa_plecy_C
 1  0  0.32 0 1
 1  0.625  0.32 0 0
 0  0.625  0.32 1 0
 3

 1  0  0.32 0 1
 0  0  0.32 1 1
 0  0.625  0.32 1 0
 3

// sofa_plecy_D
 0  0  0.32 0 1
 0  0.625  0.32 0 0
 0  0.625  0.24 1 0
 3

 0  0  0.32 0 1
 0  0  0.24 1 1
 0  0.625  0.24 1 0
 3

// sofa_plecy_F
 0  0.625  0.24 0 1
 0  0.625  0.32 0 0
 1  0.625  0.32 1 0
 3

 0  0.625  0.24 0 1
 1  0.625  0.24 1 1
 1  0.625  0.32 1 0
 3


// lacznie trojkatow : 18
