
NUMPOLLIES 20

// sofa_podstawa_A
 0  0  0 0 1
 0  0.25  0 0 0
 0.24  0.25  0 1 0
 3

 0  0  0 0 1
 0.24  0  0 1 1
 0.24  0.25  0 1 0
 3

// sofa_podstawa_C
 0.24  0  1 0 1
 0.24  0.25  1 0 0
 0  0.25  1 1 0
 3

 0.24  0  1 0 1
 0  0  1 1 1
 0  0.25  1 1 0
 3

// sofa_podstawa_D
 0  0  1 0 1
 0  0.25  1 0 0
 0  0.25  0 1 0
 3

 0  0  1 0 1
 0  0  0 1 1
 0  0.25  0 1 0
 3

// sofa_podstawa_E
 0  0  1 0 1
 0  0  0 0 0
 0.24  0  0 1 0
 3

 0  0  1 0 1
 0.24  0  1 1 1
 0.24  0  0 1 0
 3

// sofa_podstawa_F
 0  0.25  0 0 1
 0  0.25  1 0 0
 0.24  0.25  1 1 0
 3

 0  0.25  0 0 1
 0.24  0.25  0 1 1
 0.24  0.25  1 1 0
 3

// sofa_plecy_A
 0.24  0  0 0 1
 0.24  0.625  0 0 0
 0.32  0.625  0 1 0
 3

 0.24  0  0 0 1
 0.32  0  0 1 1
 0.32  0.625  0 1 0
 3

// sofa_plecy_B
 0.32  0  0 0 1
 0.32  0.625  0 0 0
 0.32  0.625  1 1 0
 3

 0.32  0  0 0 1
 0.32  0  1 1 1
 0.32  0.625  1 1 0
 3

// sofa_plecy_C
 0.32  0  1 0 1
 0.32  0.625  1 0 0
 0.24  0.625  1 1 0
 3

 0.32  0  1 0 1
 0.24  0  1 1 1
 0.24  0.625  1 1 0
 3

// sofa_plecy_E
 0.24  0  1 0 1
 0.24  0  0 0 0
 0.32  0  0 1 0
 3

 0.24  0  1 0 1
 0.32  0  1 1 1
 0.32  0  0 1 0
 3

// sofa_plecy_F
 0.24  0.625  0 0 1
 0.24  0.625  1 0 0
 0.32  0.625  1 1 0
 3

 0.24  0.625  0 0 1
 0.32  0.625  0 1 1
 0.32  0.625  1 1 0
 3


// lacznie trojkatow : 20
