
NUMPOLLIES xx 

// sofa_main_B
 12  0  0.25 0 1
 12  2  0.25 0 0
 12  2  2.25 1 0
 4

 12  0  0.25 0 1
 12  0  2.25 1 1
 12  2  2.25 1 0
 4

// sofa_main_C
 12  0  2.25 0 1
 12  2  2.25 0 0
 0  2  2.25 1 0
 4

 12  0  2.25 0 1
 0  0  2.25 1 1
 0  2  2.25 1 0
 4

// sofa_main_D
 0  0  2.25 0 1
 0  2  2.25 0 0
 0  2  0.25 1 0
 4

 0  0  2.25 0 1
 0  0  0.25 1 1
 0  2  0.25 1 0
 4

// sofa_main_E
 0  0  2.25 0 1
 0  0  0.25 0 0
 12  0  0.25 1 0
 1

 0  0  2.25 0 1
 12  0  2.25 1 1
 12  0  0.25 1 0
 1

// sofa_main_F
 0  2  0.25 0 1
 0  2  2.25 0 0
 12  2  2.25 1 0
 1

 0  2  0.25 0 1
 12  2  0.25 1 1
 12  2  2.25 1 0
 1

// sofy_kolumny_boczne_A
 0  0  0 0 1
 0  1.75  0 0 0
 0.25  1.75  0 1 0
 3

 0  0  0 0 1
 0.25  0  0 1 1
 0.25  1.75  0 1 0
 3

// sofy_kolumny_boczne_B
 0.25  0  0 0 1
 0.25  1.75  0 0 0
 0.25  1.75  0.25 1 0
 3

 0.25  0  0 0 1
 0.25  0  0.25 1 1
 0.25  1.75  0.25 1 0
 3

// sofy_kolumny_boczne_C
 0.25  0  0.25 0 1
 0.25  1.75  0.25 0 0
 0  1.75  0.25 1 0
 3

 0.25  0  0.25 0 1
 0  0  0.25 1 1
 0  1.75  0.25 1 0
 3

// sofy_kolumny_boczneB_A
 11.25  0  0 0 1
 11.25  1.75  0 0 0
 12  1.75  0 1 0
 3

 11.25  0  0 0 1
 12  0  0 1 1
 12  1.75  0 1 0
 3

// sofy_kolumny_boczneB_C
 12  0  0.25 0 1
 12  1.75  0.25 0 0
 11.25  1.75  0.25 1 0
 3

 12  0  0.25 0 1
 11.25  0  0.25 1 1
 11.25  1.75  0.25 1 0
 3

// sofy_kolumny_boczneB_D
 11.25  0  0.25 0 1
 11.25  1.75  0.25 0 0
 11.25  1.75  0 1 0
 3

 11.25  0  0.25 0 1
 11.25  0  0 1 1
 11.25  1.75  0 1 0
 3

// 0.4_A
 0  1.75  0 0 1
 0  2  0 0 0
 12  2  0 1 0
 3

 0  1.75  0 0 1
 12  1.75  0 1 1
 12  2  0 1 0
 3

// 0.4_C
 12  1.75  0.4 0 1
 12  2  0.4 0 0
 0  2  0.4 1 0
 3

 12  1.75  0.4 0 1
 0  1.75  0.4 1 1
 0  2  0.4 1 0
 3

// 0.4_E
 0  1.75  0.4 0 1
 0  1.75  0 0 0
 12  1.75  0 1 0
 3

 0  1.75  0.4 0 1
 12  1.75  0.4 1 1
 12  1.75  0 1 0
 3


// lacznie trojkatow : 28
