
NUMPOLLIES xx 

// lewa_czesc_ramy_A
 0  0  0 0 1
 0  0.76  0 0 0
 0.02  0.76  0 1 0
 5

 0  0  0 0 1
 0.02  0  0 1 1
 0.02  0.76  0 1 0
 5

// lewa_czesc_ramy_B
 0.02  0  0 0 1
 0.02  0.76  0 0 0
 0.02  0.76  0.02 1 0
 5

 0.02  0  0 0 1
 0.02  0  0.02 1 1
 0.02  0.76  0.02 1 0
 5

// lewa_czesc_ramy_C
 0.02  0  0.02 0 1
 0.02  0.76  0.02 0 0
 0  0.76  0.02 1 0
 5

 0.02  0  0.02 0 1
 0  0  0.02 1 1
 0  0.76  0.02 1 0
 5

// lewa_czesc_ramy_D
 0  0  0.02 0 1
 0  0.76  0.02 0 0
 0  0.76  0 1 0
 5

 0  0  0.02 0 1
 0  0  0 1 1
 0  0.76  0 1 0
 5

// lewa_czesc_ramy_E
 0  0  0.02 0 1
 0  0  0 0 0
 0.02  0  0 1 0
 5

 0  0  0.02 0 1
 0.02  0  0.02 1 1
 0.02  0  0 1 0
 5

// lewa_czesc_ramy_F
 0  0.76  0 0 1
 0  0.76  0.02 0 0
 0.02  0.76  0.02 1 0
 5

 0  0.76  0 0 1
 0.02  0.76  0 1 1
 0.02  0.76  0.02 1 0
 5


// lacznie trojkatow : 12
