
NUMPOLLIES xx 

// lewa_rama_A
 0  0  0 0 1
 0  0.76  0 0 0
 0.02  0.76  0 1 0
 5

 0  0  0 0 1
 0.02  0  0 1 1
 0.02  0.76  0 1 0
 5

// lewa_rama_B
 0.02  0  0 0 1
 0.02  0.76  0 0 0
 0.02  0.76  0.2 1 0
 5

 0.02  0  0 0 1
 0.02  0  0.2 1 1
 0.02  0.76  0.2 1 0
 5

// lewa_rama_C
 0.02  0  0.2 0 1
 0.02  0.76  0.2 0 0
 0  0.76  0.2 1 0
 5

 0.02  0  0.2 0 1
 0  0  0.2 1 1
 0  0.76  0.2 1 0
 5

// lewa_rama_D
 0  0  0.2 0 1
 0  0.76  0.2 0 0
 0  0.76  0 1 0
 5

 0  0  0.2 0 1
 0  0  0 1 1
 0  0.76  0 1 0
 5

// lewa_rama_E
 0  0  0.2 0 1
 0  0  0 0 0
 0.02  0  0 1 0
 5

 0  0  0.2 0 1
 0.02  0  0.2 1 1
 0.02  0  0 1 0
 5

// lewa_rama_F
 0  0.76  0 0 1
 0  0.76  0.2 0 0
 0.02  0.76  0.2 1 0
 5

 0  0.76  0 0 1
 0.02  0.76  0 1 1
 0.02  0.76  0.2 1 0
 5

// prawa_rama_A
 0  0  0.317 0 1
 0  0.76  0.317 0 0
 0.02  0.76  0.317 1 0
 5

 0  0  0.317 0 1
 0.02  0  0.317 1 1
 0.02  0.76  0.317 1 0
 5

// prawa_rama_B
 0.02  0  0.317 0 1
 0.02  0.76  0.317 0 0
 0.02  0.76  0.319 1 0
 5

 0.02  0  0.317 0 1
 0.02  0  0.319 1 1
 0.02  0.76  0.319 1 0
 5

// prawa_rama_C
 0.02  0  0.319 0 1
 0.02  0.76  0.319 0 0
 0  0.76  0.319 1 0
 5

 0.02  0  0.319 0 1
 0  0  0.319 1 1
 0  0.76  0.319 1 0
 5

// prawa_rama_D
 0  0  0.319 0 1
 0  0.76  0.319 0 0
 0  0.76  0.317 1 0
 5

 0  0  0.319 0 1
 0  0  0.317 1 1
 0  0.76  0.317 1 0
 5

// prawa_rama_E
 0  0  0.319 0 1
 0  0  0.317 0 0
 0.02  0  0.317 1 0
 5

 0  0  0.319 0 1
 0.02  0  0.319 1 1
 0.02  0  0.317 1 0
 5

// prawa_rama_F
 0  0.76  0.317 0 1
 0  0.76  0.319 0 0
 0.02  0.76  0.319 1 0
 5

 0  0.76  0.317 0 1
 0.02  0.76  0.317 1 1
 0.02  0.76  0.319 1 0
 5

// dolna_rama_A
 0  0  0.02 0 1
 0  0.02  0.02 0 0
 0.02  0.02  0.02 1 0
 5

 0  0  0.02 0 1
 0.02  0  0.02 1 1
 0.02  0.02  0.02 1 0
 5

// dolna_rama_B
 0.02  0  0.02 0 1
 0.02  0.02  0.02 0 0
 0.02  0.02  0.317 1 0
 5

 0.02  0  0.02 0 1
 0.02  0  0.317 1 1
 0.02  0.02  0.317 1 0
 5

// dolna_rama_C
 0.02  0  0.317 0 1
 0.02  0.02  0.317 0 0
 0  0.02  0.317 1 0
 5

 0.02  0  0.317 0 1
 0  0  0.317 1 1
 0  0.02  0.317 1 0
 5

// dolna_rama_D
 0  0  0.317 0 1
 0  0.02  0.317 0 0
 0  0.02  0.02 1 0
 5

 0  0  0.317 0 1
 0  0  0.02 1 1
 0  0.02  0.02 1 0
 5

// dolna_rama_E
 0  0  0.317 0 1
 0  0  0.02 0 0
 0.02  0  0.02 1 0
 5

 0  0  0.317 0 1
 0.02  0  0.317 1 1
 0.02  0  0.02 1 0
 5

// dolna_rama_F
 0  0.02  0.02 0 1
 0  0.02  0.317 0 0
 0.02  0.02  0.317 1 0
 5

 0  0.02  0.02 0 1
 0.02  0.02  0.02 1 1
 0.02  0.02  0.317 1 0
 5

// gorna_rama_A
 0  0.756  0.02 0 15
 0  0.76  0.02 0 0
 0.02  0.76  0.02 1 0
 5

 0  0.756  0.02 0 15
 0.02  0.756  0.02 1 15
 0.02  0.76  0.02 1 0
 5

// gorna_rama_B
 0.02  0.756  0.02 0 1
 0.02  0.76  0.02 0 0
 0.02  0.76  0.317 1 0
 5

 0.02  0.756  0.02 0 1
 0.02  0.756  0.317 1 1
 0.02  0.76  0.317 1 0
 5

// gorna_rama_C
 0.02  0.756  0.317 0 1
 0.02  0.76  0.317 0 0
 0  0.76  0.317 1 0
 5

 0.02  0.756  0.317 0 1
 0  0.756  0.317 1 1
 0  0.76  0.317 1 0
 5

// gorna_rama_D
 0  0.756  0.317 0 1
 0  0.76  0.317 0 0
 0  0.76  0.02 1 0
 5

 0  0.756  0.317 0 1
 0  0.756  0.02 1 1
 0  0.76  0.02 1 0
 5

// gorna_rama_E
 0  0.756  0.317 0 1
 0  0.756  0.02 0 0
 0.02  0.756  0.02 1 0
 5

 0  0.756  0.317 0 1
 0.02  0.756  0.317 1 1
 0.02  0.756  0.02 1 0
 5

// gorna_rama_F
 0  0.76  0.02 0 1
 0  0.76  0.317 0 0
 0.02  0.76  0.317 1 0
 5

 0  0.76  0.02 0 1
 0.02  0.76  0.02 1 1
 0.02  0.76  0.317 1 0
 5


// lacznie trojkatow : 48
