
NUMMODELS 3
NUMINSTANCES 59

// modele
#0 - data/models/drzwi_okna/szyba1.txt szyba1
#1 - data/models/drzwi_okna/rama1.txt rama_szyby_na_dole
#2 - data/models/drzwi_okna/ramy_gora_dol.txt ramy_dodatkowe_na_dole

// instancje - wystapienia modeli
// szyby ETI na dole
#0 - 0, (-0.5, 0.57, -0.75), (1, 1, 1), (0, 0, 0), 1, n
#1 - 1, (-0.5, 0.57, -0.75), (1, 1, 1), (0, 0, 0), 1, n
#2 - 0, (-0.5, 0.57, -0.432), (1, 1, 1), (0, 0, 0), 1, n
#3 - 1, (-0.5, 0.57, -0.432), (1, 1, 1), (0, 0, 0), 1, n
#4 - 0, (-0.5, 0.57, -0.114), (1, 1, 1), (0, 0, 0), 1, n
#5 - 1, (-0.5, 0.57, -0.114), (1, 1, 1), (0, 0, 0), 1, n
#6 - 0, (-0.5, 0.57, 0.432), (1, 1, 0.484), (0, 0, 0), 1, n
#7 - 1, (-0.5, 0.57, 0.204), (1, 1, 1), (0, 0, 0), 1, n
#8 - 0, (-0.5, 0.57, 0.363), (1, 1, 1), (0, 0, 0), 1, n
#9 - 1, (-0.5, 0.57, 0.363), (1, 1, 1), (0, 0, 0), 1, n
#10 - 2, (-0.5, 0.57, -0.75), (1, 1, 1), (0, 0, 0), 1, n
#11 - 0, (-0.5, 0.57, 0.681), (1, 1, 1), (0, 0, 0), 1, n
#12 - 1, (-0.5, 0.57, 0.681), (1, 1, 1), (0, 0, 0), 1, n
#13 - 0, (-0.5, 0.57, 0.999), (1, 1, 1), (0, 0, 0), 1, n
#14 - 1, (-0.5, 0.57, 0.999), (1, 1, 1), (0, 0, 0), 1, n
#15 - 0, (-0.5, 0.57, 2.734), (1, 1, 0.4837), (0, 0, 0), 1, n
#16 - 1, (-0.5, 0.57, 1.317), (1, 1, 1), (0, 0, 0), 1, n
#17 - 0, (-0.5, 0.57, 1.476), (1, 1, 1), (0, 0, 0), 1, n
#18 - 1, (-0.5, 0.57, 1.476), (1, 1, 1), (0, 0, 0), 1, n
#19 - 0, (-0.5, 0.57, 1.794), (1, 1, 1), (0, 0, 0), 1, n
#20 - 1, (-0.5, 0.57, 1.794), (1, 1, 1), (0, 0, 0), 1, n
#21 - 0, (-0.5, 0.57, 2.112), (1, 1, 1), (0, 0, 0), 1, n
#22 - 1, (-0.5, 0.57, 2.112), (1, 1, 1), (0, 0, 0), 1, n
#23 - 0, (-0.5, 0.57, 2.43), (1, 1, 1), (0, 0, 0), 1, n
#24 - 1, (-0.5, 0.57, 2.43), (1, 1, 1), (0, 0, 0), 1, n
// 0.318, 
#25 - 0, (-0.5, 3.49, -0.75), (1, 0.38, 1), (0, 0, 0), 1, n
#26 - 1, (-0.5, 3.49, -0.75), (1, 0.38, 1), (0, 0, 0), 1, n
#27 - 0, (-0.5, 3.49, -0.432), (1, 0.38, 1), (0, 0, 0), 1, n
#28 - 1, (-0.5, 3.49, -0.432), (1, 0.38, 1), (0, 0, 0), 1, n
#29 - 0, (-0.5, 3.49, -0.114), (1, 0.38, 1), (0, 0, 0), 1, n
#30 - 1, (-0.5, 3.49, -0.114), (1, 0.38, 1), (0, 0, 0), 1, n
#31 - 0, (-0.5, 3.49, 0.432), (1, 0.38, 0.484), (0, 0, 0), 1, n
#32 - 1, (-0.5, 3.49, 0.204), (1, 0.38, 1), (0, 0, 0), 1, n
#33 - 0, (-0.5, 3.49, 0.363), (1, 0.38, 1), (0, 0, 0), 1, n
#34 - 1, (-0.5, 3.49, 0.363), (1, 0.38, 1), (0, 0, 0), 1, n
#35 - 0, (-0.5, 3.49, 0.681), (1, 0.38, 1), (0, 0, 0), 1, n
#36 - 1, (-0.5, 3.49, 0.681), (1, 0.38, 1), (0, 0, 0), 1, n
#37 - 0, (-0.5, 3.49, 0.999), (1, 0.38, 1), (0, 0, 0), 1, n
#38 - 1, (-0.5, 3.49, 0.999), (1, 0.38, 1), (0, 0, 0), 1, n
#39 - 0, (-0.5, 3.49, 2.734), (1, 0.38, 0.4837), (0, 0, 0), 1, n
#40 - 1, (-0.5, 3.49, 1.317), (1, 0.38, 1), (0, 0, 0), 1, n
#41 - 0, (-0.5, 3.49, 1.476), (1, 0.38, 1), (0, 0, 0), 1, n
#42 - 1, (-0.5, 3.49, 1.476), (1, 0.38, 1), (0, 0, 0), 1, n
#43 - 0, (-0.5, 3.49, 1.794), (1, 0.38, 1), (0, 0, 0), 1, n
#44 - 1, (-0.5, 3.49, 1.794), (1, 0.38, 1), (0, 0, 0), 1, n
#45 - 0, (-0.5, 3.49, 2.112), (1, 0.38, 1), (0, 0, 0), 1, n
#46 - 1, (-0.5, 3.49, 2.112), (1, 0.38, 1), (0, 0, 0), 1, n
#47 - 0, (-0.5, 3.49, 2.43), (1, 0.38, 1), (0, 0, 0), 1, n
#48 - 1, (-0.5, 3.49, 2.43), (1, 0.38, 1), (0, 0, 0), 1, n

// dodatkowe
#49 - 0, (-0.5, 0.57, 3.702), (1, 1, 1), (0, 0, 0), 1, n
#50 - 1, (-0.5, 0.57, 3.702), (1, 1, 1), (0, 0, 0), 1, n
#51 - 0, (-0.5, 0.57, 3.384), (1, 1, 1), (0, 0, 0), 1, n
#52 - 1, (-0.5, 0.57, 3.384), (1, 1, 1), (0, 0, 0), 1, n
#53 - 0, (-0.5, 3.49, 3.702),  (1, 0.38, 1), (0, 0, 0), 1, n
#54 - 1, (-0.5, 3.49, 3.702),  (1, 0.38, 1), (0, 0, 0), 1, n
#55 - 0, (-0.5, 3.49, 3.384), (1, 0.38, 1), (0, 0, 0), 1, n
#56 - 1, (-0.5, 3.49, 3.384), (1, 0.38, 1), (0, 0, 0), 1, n
#57 - 0, (-0.5, 3.49, 1.317), (1, 0.38, 2.07), (0, 0, 0), 1, n
#58 - 0, (-0.5, 2.65, 1.317), (1, 0.39, 2.07), (0, 0, 0), 1, n