
NUMPOLLIES xx 

// main_A
 0  0  0 0 60
 0  6  0 0 0
 6  6  0 60 0
 1

 0  0  0 0 60
 6  0  0 60 60
 6  6  0 60 0
 1

// main_B
 6  0  0 0 60
 6  6  0 0 0
 6  6  6 60 0
 1

 6  0  0 0 60
 6  0  6 60 60
 6  6  6 60 0
 1

// main_C
 6  0  6 0 6
 6  6  6 0 0
 0  6  6 60 0
 1

 6  0  6 0 6
 0  0  6 60 6
 0  6  6 60 0
 1

// main_D
 0  0  6 0 6
 0  6  6 0 0
 0  6  0 60 0
 1

 0  0  6 0 6
 0  0  0 60 6
 0  6  0 60 0
 1

// main_F
 0  6  0 0 6
 0  6  6 0 0
 6  6  6 60 0
 1

 0  6  0 0 6
 6  6  0 60 6
 6  6  6 60 0
 1


// lacznie trojkatow : 10
