
NUMPOLLIES 34

// lewy_pion_A
 0  0  0 0 1
 0  0.63  0 0 0
 0.03  0.63  0 1 0
 8

 0  0  0 0 1
 0.03  0  0 1 1
 0.03  0.63  0 1 0
 8

// lewy_pion_B
 0.03  0  0 0 1
 0.03  0.63  0 0 0
 0.03  0.63  0.04 1 0
 8

 0.03  0  0 0 1
 0.03  0  0.04 1 1
 0.03  0.63  0.04 1 0
 8

// lewy_pion_C
 0.03  0  0.04 0 1
 0.03  0.63  0.04 0 0
 0  0.63  0.04 1 0
 8

 0.03  0  0.04 0 1
 0  0  0.04 1 1
 0  0.63  0.04 1 0
 8

// lewy_pion_D
 0  0  0.04 0 1
 0  0.63  0.04 0 0
 0  0.63  0 1 0
 8

 0  0  0.04 0 1
 0  0  0 1 1
 0  0.63  0 1 0
 8

// lewy_pion_F
 0  0.63  0 0 1
 0  0.63  0.04 0 0
 0.03  0.63  0.04 1 0
 8

 0  0.63  0 0 1
 0.03  0.63  0 1 1
 0.03  0.63  0.04 1 0
 8

// prawy_pion_A
 0  0  0.495 0 9
 0  0.63  0.495 0 0
 0.03  0.63  0.495 11 0
 9

 0  0  0.495 0 9
 0.03  0  0.495 11 9
 0.03  0.63  0.495 11 0
 9

// prawy_pion_B
 0.03  0  0.495 0 1
 0.03  0.63  0.495 0 0
 0.03  0.63  0.535 1 0
 9

 0.03  0  0.495 0 1
 0.03  0  0.535 1 1
 0.03  0.63  0.535 1 0
 9

// prawy_pion_C
 0.03  0  0.535 0 1
 0.03  0.63  0.535 0 0
 0  0.63  0.535 1 0
 9

 0.03  0  0.535 0 1
 0  0  0.535 1 1
 0  0.63  0.535 1 0
 9

// prawy_pion_D
 0  0  0.535 0 1
 0  0.63  0.535 0 0
 0  0.63  0.495 1 0
 9

 0  0  0.535 0 1
 0  0  0.495 1 1
 0  0.63  0.495 1 0
 9

// prawy_pion_F
 0  0.63  0.495 0 1
 0  0.63  0.535 0 0
 0.03  0.63  0.535 1 0
 9

 0  0.63  0.495 0 1
 0.03  0.63  0.495 1 1
 0.03  0.63  0.535 1 0
 9

// dol_poziom_B
 0.03  0  0.04 0 1
 0.03  0.04  0.04 0 0
 0.03  0.04  0.495 1 0
 9

 0.03  0  0.04 0 1
 0.03  0  0.495 1 1
 0.03  0.04  0.495 1 0
 9

// dol_poziom_D
 0  0  0.495 0 1
 0  0.04  0.495 0 0
 0  0.04  0.04 1 0
 9

 0  0  0.495 0 1
 0  0  0.04 1 1
 0  0.04  0.04 1 0
 9

// dol_poziom_F
 0  0.04  0.04 0 1
 0  0.04  0.495 0 0
 0.03  0.04  0.495 1 0
 9

 0  0.04  0.04 0 1
 0.03  0.04  0.04 1 1
 0.03  0.04  0.495 1 0
 9

// gora_poziom_B
 0.03  0.59  0.04 0 1
 0.03  0.63  0.04 0 0
 0.03  0.63  0.495 1 0
 9

 0.03  0.59  0.04 0 1
 0.03  0.59  0.495 1 1
 0.03  0.63  0.495 1 0
 9

// gora_poziom_D
 0  0.59  0.495 0 1
 0  0.63  0.495 0 0
 0  0.63  0.04 1 0
 9

 0  0.59  0.495 0 1
 0  0.59  0.04 1 1
 0  0.63  0.04 1 0
 9

// gora_poziom_E
 0  0.59  0.495 0 1
 0  0.59  0.04 0 0
 0.03  0.59  0.04 1 0
 9

 0  0.59  0.495 0 1
 0.03  0.59  0.495 1 1
 0.03  0.59  0.04 1 0
 9

// gora_poziom_F
 0  0.63  0.04 0 1
 0  0.63  0.495 0 0
 0.03  0.63  0.495 1 0
 9

 0  0.63  0.04 0 1
 0.03  0.63  0.04 1 1
 0.03  0.63  0.495 1 0
 9


// lacznie trojkatow : 34
