
NUMPOLLIES xx 

// kolumna_A
 0  0  0 0 1
 0  2  0 0 0
 0.25  2  0 1 0
 3

 0  0  0 0 1
 0.25  0  0 1 1
 0.25  2  0 1 0
 3

// kolumna_B
 0.25  0  0 0 1
 0.25  2  0 0 0
 0.25  2  0.25 1 0
 3

 0.25  0  0 0 1
 0.25  0  0.25 1 1
 0.25  2  0.25 1 0
 3

// kolumna_C
 0.25  0  0.25 0 1
 0.25  2  0.25 0 0
 0  2  0.25 1 0
 3

 0.25  0  0.25 0 1
 0  0  0.25 1 1
 0  2  0.25 1 0
 3

// kolumna_D
 0  0  0.25 0 1
 0  2  0.25 0 0
 0  2  0 1 0
 3

 0  0  0.25 0 1
 0  0  0 1 1
 0  2  0 1 0
 3


// lacznie trojkatow : 8
