
NUMPOLLIES 18

// kosz_zewnatrz_A
 0  0  0 0 1
 0  0.2  0 0 0
 0.12  0.2  0 1 0
 4

 0  0  0 0 1
 0.12  0  0 1 1
 0.12  0.2  0 1 0
 4

// kosz_zewnatrz_B
 0.12  0  0 0 1
 0.12  0.2  0 0 0
 0.12  0.2  0.12 1 0
 4

 0.12  0  0 0 1
 0.12  0  0.12 1 1
 0.12  0.2  0.12 1 0
 4

// kosz_zewnatrz_C
 0.12  0  0.12 0 1
 0.12  0.2  0.12 0 0
 0  0.2  0.12 1 0
 4

 0.12  0  0.12 0 1
 0  0  0.12 1 1
 0  0.2  0.12 1 0
 4

// kosz_zewnatrz_D
 0  0  0.12 0 1
 0  0.2  0.12 0 0
 0  0.2  0 1 0
 4

 0  0  0.12 0 1
 0  0  0 1 1
 0  0.2  0 1 0
 4

// kosz_wewnatrz_A
 0.01  0.01  0.01 0 1
 0.01  0.2  0.01 0 0
 0.11  0.2  0.01 1 0
 4

 0.01  0.01  0.01 0 1
 0.11  0.01  0.01 1 1
 0.11  0.2  0.01 1 0
 4

// kosz_wewnatrz_B
 0.11  0.01  0.01 0 1
 0.11  0.2  0.01 0 0
 0.11  0.2  0.11 1 0
 4

 0.11  0.01  0.01 0 1
 0.11  0.01  0.11 1 1
 0.11  0.2  0.11 1 0
 4

// kosz_wewnatrz_C
 0.11  0.01  0.11 0 1
 0.11  0.2  0.11 0 0
 0.01  0.2  0.11 1 0
 4

 0.11  0.01  0.11 0 1
 0.01  0.01  0.11 1 1
 0.01  0.2  0.11 1 0
 4

// kosz_wewnatrz_D
 0.01  0.01  0.11 0 1
 0.01  0.2  0.11 0 0
 0.01  0.2  0.01 1 0
 4

 0.01  0.01  0.11 0 1
 0.01  0.01  0.01 1 1
 0.01  0.2  0.01 1 0
 4

// kosz_wewnatrz_E
 0.01  0.01  0.11 0 1
 0.01  0.01  0.01 0 0
 0.11  0.01  0.01 1 0
 4

 0.01  0.01  0.11 0 1
 0.11  0.01  0.11 1 1
 0.11  0.01  0.01 1 0
 4


// lacznie trojkatow : 18
