
NUMPOLLIES xx 

// belka1_A
 0.04  0.163  0 0 0.017
 0.04  0.18  0 0 0
 0.54  0.18  0 0.5 0
 7

 0.04  0.163  0 0 0.017
 0.54  0.163  0 0.5 0.017
 0.54  0.18  0 0.5 0
 7

// belka1_C
 0.54  0.163  0.017 0 0.017
 0.54  0.18  0.017 0 0
 0.04  0.18  0.017 0.5 0
 7

 0.54  0.163  0.017 0 0.017
 0.04  0.163  0.017 0.5 0.017
 0.04  0.18  0.017 0.5 0
 7

// belka1_E
 0.04  0.163  0.017 0 0.017
 0.04  0.163  0 0 0
 0.54  0.163  0 0.5 0
 7

 0.04  0.163  0.017 0 0.017
 0.54  0.163  0.017 0.5 0.017
 0.54  0.163  0 0.5 0
 7

// belka1_F
 0.04  0.18  0 0 0.017
 0.04  0.18  0.017 0 0
 0.54  0.18  0.017 0.5 0
 7

 0.04  0.18  0 0 0.017
 0.54  0.18  0 0.5 0.017
 0.54  0.18  0.017 0.5 0
 7


// lacznie trojkatow : 8
