
NUMPOLLIES 10

// murek_A
 1.3  0.204  1.5 0 3
 1.3  0.504  1.5 0 0
 1.62  0.504  1.5 3.2 0
 2

 1.3  0.204  1.5 0 3
 1.62  0.204  1.5 3.2 3
 1.62  0.504  1.5 3.2 0
 2

// murek_B
 1.62  0.204  1.5 0 3
 1.62  0.504  1.5 0 0
 1.62  0.504  3.1 16 0
 2

 1.62  0.204  1.5 0 3
 1.62  0.204  3.1 16 3
 1.62  0.504  3.1 16 0
 2

// murek_C
 1.62  0.204  3.1 0 3
 1.62  0.504  3.1 0 0
 1.3  0.504  3.1 3.2 0
 2

 1.62  0.204  3.1 0 3
 1.3  0.204  3.1 3.2 3
 1.3  0.504  3.1 3.2 0
 2

// murek_D
 1.3  0.204  3.1 0 3
 1.3  0.504  3.1 0 0
 1.3  0.504  1.5 16 0
 2

 1.3  0.204  3.1 0 3
 1.3  0.204  1.5 16 3
 1.3  0.504  1.5 16 0
 2

// murek_F
 1.3  0.504  1.5 0 16
 1.3  0.504  3.1 0 0
 1.62  0.504  3.1 3.2 0
 2

 1.3  0.504  1.5 0 16
 1.62  0.504  1.5 3.2 16
 1.62  0.504  3.1 3.2 0
 2


// lacznie trojkatow : 10
