
NUMPOLLIES xx 

// pozioma_gora_B
 0.1  5.97  0.03 0 1
 0.1  5.98  0.03 0 0
 0.1  5.98  5.03 1 0
 5

 0.1  5.97  0.03 0 1
 0.1  5.97  5.03 1 1
 0.1  5.98  5.03 1 0
 5

// pozioma_gora_D
 0.08  5.97  5.03 0 1
 0.08  5.98  5.03 0 0
 0.08  5.98  0.03 1 0
 5

 0.08  5.97  5.03 0 1
 0.08  5.97  0.03 1 1
 0.08  5.98  0.03 1 0
 5

// pozioma_gora_E
 0.08  5.97  5.03 0 1
 0.08  5.97  0.03 0 0
 0.1  5.97  0.03 1 0
 5

 0.08  5.97  5.03 0 1
 0.1  5.97  5.03 1 1
 0.1  5.97  0.03 1 0
 5


// lacznie trojkatow : 6
