
NUMPOLLIES xx 

// rama_A
 0  0  0 0 1
 0  0.76  0 0 0
-0.02  0.76  0 1 0
 5

 0  0  0 0 1
-0.02  0  0 1 1
-0.02  0.76  0 1 0
 5

// rama_B
-0.02  0  0 0 1
-0.02  0.76  0 0 0
-0.02  0.76  0.01 1 0
 5

-0.02  0  0 0 1
-0.02  0  0.01 1 1
-0.02  0.76  0.01 1 0
 5

// rama_C
-0.02  0  0.01 0 1
-0.02  0.76  0.01 0 0
 0  0.76  0.01 1 0
 5

-0.02  0  0.01 0 1
 0  0  0.01 1 1
 0  0.76  0.01 1 0
 5

// rama_D
 0  0  0.01 0 1
 0  0.76  0.01 0 0
 0  0.76  0 1 0
 5

 0  0  0.01 0 1
 0  0  0 1 1
 0  0.76  0 1 0
 5

// rama_E
 0  0  0.01 0 1
 0  0  0 0 0
-0.02  0  0 1 0
 5

 0  0  0.01 0 1
-0.02  0  0.01 1 1
-0.02  0  0 1 0
 5

// rama_F
 0  0.76  0 0 1
 0  0.76  0.01 0 0
-0.02  0.76  0.01 1 0
 5

 0  0.76  0 0 1
-0.02  0.76  0 1 1
-0.02  0.76  0.01 1 0
 5


// lacznie trojkatow : 12
