
NUMPOLLIES 24

// gorna_rama_drzwi_A
 0.02  0.99  0 0 1
 0.02  1.02  0 0 0
 0.03  1.02  0 1 0
 9

 0.02  0.99  0 0 1
 0.03  0.99  0 1 1
 0.03  1.02  0 1 0
 9

// gorna_rama_drzwi_B
 0.03  0.99  0 0 1
 0.03  1.02  0 0 0
 0.03  1.02  3.25 1 0
 9

 0.03  0.99  0 0 1
 0.03  0.99  3.25 1 1
 0.03  1.02  3.25 1 0
 9

// gorna_rama_drzwi_C
 0.03  0.99  3.25 0 1
 0.03  1.02  3.25 0 0
 0.02  1.02  3.25 1 0
 9

 0.03  0.99  3.25 0 1
 0.02  0.99  3.25 1 1
 0.02  1.02  3.25 1 0
 9

// gorna_rama_drzwi_D
 0.02  0.99  3.25 0 1
 0.02  1.02  3.25 0 0
 0.02  1.02  0 1 0
 9

 0.02  0.99  3.25 0 1
 0.02  0.99  0 1 1
 0.02  1.02  0 1 0
 9

// gorna_rama_drzwi_E
 0.02  0.99  3.25 0 1
 0.02  0.99  0 0 0
 0.03  0.99  0 1 0
 8

 0.02  0.99  3.25 0 1
 0.03  0.99  3.25 1 1
 0.03  0.99  0 1 0
 8

// gorna_rama_drzwi_F
 0.02  1.02  0 0 1
 0.02  1.02  3.25 0 0
 0.03  1.02  3.25 1 0
 8

 0.02  1.02  0 0 1
 0.03  1.02  0 1 1
 0.03  1.02  3.25 1 0
 8

// dolna_rama_drzwi_A
 0.02  0.76  0 0 1
 0.02  0.79  0 0 0
 0.03  0.79  0 1 0
 9

 0.02  0.76  0 0 1
 0.03  0.76  0 1 1
 0.03  0.79  0 1 0
 9

// dolna_rama_drzwi_B
 0.03  0.76  0 0 1
 0.03  0.79  0 0 0
 0.03  0.79  3.25 1 0
 9

 0.03  0.76  0 0 1
 0.03  0.76  3.25 1 1
 0.03  0.79  3.25 1 0
 9

// dolna_rama_drzwi_C
 0.03  0.76  3.25 0 1
 0.03  0.79  3.25 0 0
 0.02  0.79  3.25 1 0
 9

 0.03  0.76  3.25 0 1
 0.02  0.76  3.25 1 1
 0.02  0.79  3.25 1 0
 9

// dolna_rama_drzwi_D
 0.02  0.76  3.25 0 1
 0.02  0.79  3.25 0 0
 0.02  0.79  0 1 0
 9

 0.02  0.76  3.25 0 1
 0.02  0.76  0 1 1
 0.02  0.79  0 1 0
 9

// dolna_rama_drzwi_E
 0.02  0.76  3.25 0 1
 0.02  0.76  0 0 0
 0.03  0.76  0 1 0
 8

 0.02  0.76  3.25 0 1
 0.03  0.76  3.25 1 1
 0.03  0.76  0 1 0
 8

// dolna_rama_drzwi_F
 0.02  0.79  0 0 1
 0.02  0.79  3.25 0 0
 0.03  0.79  3.25 1 0
 8

 0.02  0.79  0 0 1
 0.03  0.79  0 1 1
 0.03  0.79  3.25 1 0
 8


// lacznie trojkatow : 24
