
NUMPOLLIES 24

// gorna_A
 0.02  1  0 0 1
 0.02  1.02  0 0 0
 0.03  1.02  0 1 0
 9

 0.02  1  0 0 1
 0.03  1  0 1 1
 0.03  1.02  0 1 0
 9

// gorna_B
 0.03  1  0 0 1
 0.03  1.02  0 0 0
 0.03  1.02  3.25 1 0
 9

 0.03  1  0 0 1
 0.03  1  3.25 1 1
 0.03  1.02  3.25 1 0
 9

// gorna_C
 0.03  1  3.25 0 1
 0.03  1.02  3.25 0 0
 0.02  1.02  3.25 1 0
 9

 0.03  1  3.25 0 1
 0.02  1  3.25 1 1
 0.02  1.02  3.25 1 0
 9

// gorna_D
 0.02  1  3.25 0 1
 0.02  1.02  3.25 0 0
 0.02  1.02  0 1 0
 9

 0.02  1  3.25 0 1
 0.02  1  0 1 1
 0.02  1.02  0 1 0
 9

// gorna_E
 0.02  1  3.25 0 1
 0.02  1  0 0 0
 0.03  1  0 1 0
 8

 0.02  1  3.25 0 1
 0.03  1  3.25 1 1
 0.03  1  0 1 0
 8

// gorna_F
 0.02  1.02  0 0 1
 0.02  1.02  3.25 0 0
 0.03  1.02  3.25 1 0
 8

 0.02  1.02  0 0 1
 0.03  1.02  0 1 1
 0.03  1.02  3.25 1 0
 8

// dolna_A
 0.02  0.76  0 0 1
 0.02  0.78  0 0 0
 0.03  0.78  0 1 0
 9

 0.02  0.76  0 0 1
 0.03  0.76  0 1 1
 0.03  0.78  0 1 0
 9

// dolna_B
 0.03  0.76  0 0 1
 0.03  0.78  0 0 0
 0.03  0.78  3.25 1 0
 9

 0.03  0.76  0 0 1
 0.03  0.76  3.25 1 1
 0.03  0.78  3.25 1 0
 9

// dolna_C
 0.03  0.76  3.25 0 1
 0.03  0.78  3.25 0 0
 0.02  0.78  3.25 1 0
 9

 0.03  0.76  3.25 0 1
 0.02  0.76  3.25 1 1
 0.02  0.78  3.25 1 0
 9

// dolna_D
 0.02  0.76  3.25 0 1
 0.02  0.78  3.25 0 0
 0.02  0.78  0 1 0
 9

 0.02  0.76  3.25 0 1
 0.02  0.76  0 1 1
 0.02  0.78  0 1 0
 9

// dolna_E
 0.02  0.76  3.25 0 1
 0.02  0.76  0 0 0
 0.03  0.76  0 1 0
 8

 0.02  0.76  3.25 0 1
 0.03  0.76  3.25 1 1
 0.03  0.76  0 1 0
 8

// dolna_F
 0.02  0.78  0 0 1
 0.02  0.78  3.25 0 0
 0.03  0.78  3.25 1 0
 8

 0.02  0.78  0 0 1
 0.03  0.78  0 1 1
 0.03  0.78  3.25 1 0
 8


// lacznie trojkatow : 24
