
NUMPOLLIES xx 

// rower1_A
 0.06  0.02  0.098 0 1.7
 0.06  0.19  0.098 0 0
 0.064  0.19  0.098 0.04 0
 5

 0.06  0.02  0.098 0 1.7
 0.064  0.02  0.098 0.04 1.7
 0.064  0.19  0.098 0.04 0
 5

// rower1_B
 0.064  0.02  0.098 0 1.7
 0.064  0.19  0.098 0 0
 0.064  0.19  0.102 0.04 0
 5

 0.064  0.02  0.098 0 1.7
 0.064  0.02  0.102 0.04 1.7
 0.064  0.19  0.102 0.04 0
 5

// rower1_C
 0.064  0.02  0.102 0 1.7
 0.064  0.19  0.102 0 0
 0.06  0.19  0.102 0.04 0
 5

 0.064  0.02  0.102 0 1.7
 0.06  0.02  0.102 0.04 1.7
 0.06  0.19  0.102 0.04 0
 5

// rower1_D
 0.06  0.02  0.102 0 1.7
 0.06  0.19  0.102 0 0
 0.06  0.19  0.098 0.04 0
 5

 0.06  0.02  0.102 0 1.7
 0.06  0.02  0.098 0.04 1.7
 0.06  0.19  0.098 0.04 0
 5

// rower2_A
 0.06  0.02  0.018 0 0.8
 0.06  0.1  0.018 0 0
 0.064  0.1  0.018 0.04 0
 5

 0.06  0.02  0.018 0 0.8
 0.064  0.02  0.018 0.04 0.8
 0.064  0.1  0.018 0.04 0
 5

// rower2_B
 0.064  0.02  0.018 0 0.8
 0.064  0.1  0.018 0 0
 0.064  0.1  0.022 0.04 0
 5

 0.064  0.02  0.018 0 0.8
 0.064  0.02  0.022 0.04 0.8
 0.064  0.1  0.022 0.04 0
 5

// rower2_C
 0.064  0.02  0.022 0 0.8
 0.064  0.1  0.022 0 0
 0.06  0.1  0.022 0.04 0
 5

 0.064  0.02  0.022 0 0.8
 0.06  0.02  0.022 0.04 0.8
 0.06  0.1  0.022 0.04 0
 5

// rower2_D
 0.06  0.02  0.022 0 0.8
 0.06  0.1  0.022 0 0
 0.06  0.1  0.018 0.04 0
 5

 0.06  0.02  0.022 0 0.8
 0.06  0.02  0.018 0.04 0.8
 0.06  0.1  0.018 0.04 0
 5

// rower3_A
 0.06  0.1  0.018 0 0.04
 0.06  0.104  0.018 0 0
 0.064  0.104  0.018 0.04 0
 5

 0.06  0.1  0.018 0 0.04
 0.064  0.1  0.018 0.04 0.04
 0.064  0.104  0.018 0.04 0
 5

// rower3_B
 0.064  0.1  0.018 0 0.04
 0.064  0.104  0.018 0 0
 0.064  0.104  0.066 0.48 0
 5

 0.064  0.1  0.018 0 0.04
 0.064  0.1  0.066 0.48 0.04
 0.064  0.104  0.066 0.48 0
 5

// rower3_C
 0.064  0.1  0.066 0 0.04
 0.064  0.104  0.066 0 0
 0.06  0.104  0.066 0.04 0
 5

 0.064  0.1  0.066 0 0.04
 0.06  0.1  0.066 0.04 0.04
 0.06  0.104  0.066 0.04 0
 5

// rower3_D
 0.06  0.1  0.066 0 0.04
 0.06  0.104  0.066 0 0
 0.06  0.104  0.018 0.48 0
 5

 0.06  0.1  0.066 0 0.04
 0.06  0.1  0.018 0.48 0.04
 0.06  0.104  0.018 0.48 0
 5

// rower3_E
 0.06  0.1  0.066 0 0.04
 0.06  0.1  0.018 0 0
 0.064  0.1  0.018 0.48 0
 5

 0.06  0.1  0.066 0 0.04
 0.064  0.1  0.066 0.48 0.04
 0.064  0.1  0.018 0.48 0
 5

// rower3_F
 0.06  0.104  0.018 0 0.04
 0.06  0.104  0.066 0 0
 0.064  0.104  0.066 0.48 0
 5

 0.06  0.104  0.018 0 0.04
 0.064  0.104  0.018 0.48 0.04
 0.064  0.104  0.066 0.48 0
 5

// rower4_A
 0.06  0.19  0.48 0 0.04
 0.06  0.194  0.48 0 0
 0.064  0.194  0.48 0.04 0
 5

 0.06  0.19  0.48 0 0.04
 0.064  0.19  0.48 0.04 0.04
 0.064  0.194  0.48 0.04 0
 5

// rower4_B
 0.064  0.19  0.48 0 1
 0.064  0.194  0.48 0 0
 0.064  0.194  0.102 1 0
 5

 0.064  0.19  0.48 0 1
 0.064  0.19  0.102 1 1
 0.064  0.194  0.102 1 0
 5

// rower4_C
 0.064  0.19  0.102 0 1
 0.064  0.194  0.102 0 0
 0.06  0.194  0.102 1 0
 5

 0.064  0.19  0.102 0 1
 0.06  0.19  0.102 1 1
 0.06  0.194  0.102 1 0
 5

// rower4_D
 0.06  0.19  0.102 0 1
 0.06  0.194  0.102 0 0
 0.06  0.194  0.48 1 0
 5

 0.06  0.19  0.102 0 1
 0.06  0.19  0.48 1 1
 0.06  0.194  0.48 1 0
 5

// rower4_E
 0.06  0.19  0.102 0 1
 0.06  0.19  0.48 0 0
 0.064  0.19  0.48 1 0
 5

 0.06  0.19  0.102 0 1
 0.064  0.19  0.102 1 1
 0.064  0.19  0.48 1 0
 5

// rower4_F
 0.06  0.194  0.48 0 1
 0.06  0.194  0.102 0 0
 0.064  0.194  0.102 1 0
 5

 0.06  0.194  0.48 0 1
 0.064  0.194  0.48 1 1
 0.064  0.194  0.102 1 0
 5


// lacznie trojkatow : 40
