
NUMPOLLIES 12

// schod1_wystep_A
 0.3  0.06  0.68 0 0.6
 0.3  0.066  0.68 0 0
 1.62  0.066  0.68 13.2 0
 1

 0.3  0.06  0.68 0 0.6
 1.62  0.06  0.68 13.2 0.6
 1.62  0.066  0.68 13.2 0
 1

// schod1_wystep_B
 1.62  0.06  0.68 0 0.6
 1.62  0.066  0.68 0 0
 1.62  0.066  1.5 8.2 0
 1

 1.62  0.06  0.68 0 0.6
 1.62  0.06  1.5 8.2 0.6
 1.62  0.066  1.5 8.2 0
 1

// schode2_wystep_A
 0.3  0.126  0.83 0 0.06
 0.3  0.132  0.83 0 0
 1.47  0.132  0.83 11.7 0
 1

 0.3  0.126  0.83 0 0.06
 1.47  0.126  0.83 11.7 0.06
 1.47  0.132  0.83 11.7 0
 1

// schode2_wystep_B
 1.47  0.126  0.83 0 0.06
 1.47  0.132  0.83 0 0
 1.47  0.132  1.5 6.17 0
 1

 1.47  0.126  0.83 0 0.06
 1.47  0.126  1.5 6.17 0.06
 1.47  0.132  1.5 6.17 0
 1

// schodek3_wystep_A
 0.3  0.194  0.98 0 0.6
 0.3  2  0.98 0 0
 1.32  2  0.98 10.2 0
 1

 0.3  0.194  0.98 0 0.6
 1.32  0.194  0.98 10.2 0.6
 1.32  2  0.98 10.2 0
 1

// schodek3_wystep_B
 1.32  0.194  0.98 0 0.6
 1.32  2  0.98 0 0
 1.32  2  1.5 5.02 0
 1

 1.32  0.194  0.98 0 0.6
 1.32  0.194  1.5 5.02 0.6
 1.32  2  1.5 5.02 0
 1


// lacznie trojkatow : 12
