
NUMPOLLIES 8

// szare_dookola_A
 0  0  0 0 1
 0  0.6  0 0 0
 0.06  0.6  0 1 0
 9

 0  0  0 0 1
 0.06  0  0 1 1
 0.06  0.6  0 1 0
 9

// szare_dookola_C
 0.06  0  0.318 0 1
 0.06  0.6  0.318 0 0
 0  0.6  0.318 1 0
 9

 0.06  0  0.318 0 1
 0  0  0.318 1 1
 0  0.6  0.318 1 0
 9

// szare_dookola_E
 0  0  0.318 0 1
 0  0  0 0 0
 0.06  0  0 1 0
 9

 0  0  0.318 0 1
 0.06  0  0.318 1 1
 0.06  0  0 1 0
 9

// szare_dookola_F
 0  0.6  0 0 1
 0  0.6  0.318 0 0
 0.06  0.6  0.318 1 0
 9

 0  0.6  0 0 1
 0.06  0.6  0 1 1
 0.06  0.6  0.318 1 0
 9


// lacznie trojkatow : 8
