
NUMPOLLIES 36 

// slupek1_A
-0.65  0.39  2.75 0 1
-0.65  1.14  2.75 0 0
-0.5  1.14  2.75 1 0
 8

-0.65  0.39  2.75 0 1
-0.5  0.39  2.75 1 1
-0.5  1.14  2.75 1 0
 8

// slupek1_B
-0.5  0.39  2.75 0 1
-0.5  1.14  2.75 0 0
-0.5  1.14  2.8 1 0
 9

-0.5  0.39  2.75 0 1
-0.5  0.39  2.8 1 1
-0.5  1.14  2.8 1 0
 9

// slupek1_C
-0.5  0.39  2.8 0 1
-0.5  1.14  2.8 0 0
-0.65  1.14  2.8 1 0
 8

-0.5  0.39  2.8 0 1
-0.65  0.39  2.8 1 1
-0.65  1.14  2.8 1 0
 8

// slupek1_D
-0.65  0.39  2.8 0 1
-0.65  1.14  2.8 0 0
-0.65  1.14  2.75 1 0
 9

-0.65  0.39  2.8 0 1
-0.65  0.39  2.75 1 1
-0.65  1.14  2.75 1 0
 9

// slupek1_E
-0.65  0.39  2.8 0 1
-0.65  0.39  2.75 0 0
-0.5  0.39  2.75 1 0
 8

-0.65  0.39  2.8 0 1
-0.5  0.39  2.8 1 1
-0.5  0.39  2.75 1 0
 8

// slupek1_F
-0.65  1.14  2.75 0 1
-0.65  1.14  2.8 0 0
-0.5  1.14  2.8 1 0
 8

-0.65  1.14  2.75 0 1
-0.5  1.14  2.75 1 1
-0.5  1.14  2.8 1 0
 8

// slupek2_A
-0.65  0.39  3.375 0 1
-0.65  1.14  3.375 0 0
-0.5  1.14  3.375 1 0
 8

-0.65  0.39  3.375 0 1
-0.5  0.39  3.375 1 1
-0.5  1.14  3.375 1 0
 8

// slupek2_B
-0.5  0.39  3.375 0 1
-0.5  1.14  3.375 0 0
-0.5  1.14  3.425 1 0
 9

-0.5  0.39  3.375 0 1
-0.5  0.39  3.425 1 1
-0.5  1.14  3.425 1 0
 9

// slupek2_C
-0.5  0.39  3.425 0 1
-0.5  1.14  3.425 0 0
-0.65  1.14  3.425 1 0
 8

-0.5  0.39  3.425 0 1
-0.65  0.39  3.425 1 1
-0.65  1.14  3.425 1 0
 8

// slupek2_D
-0.65  0.39  3.425 0 1
-0.65  1.14  3.425 0 0
-0.65  1.14  3.375 1 0
 9

-0.65  0.39  3.425 0 1
-0.65  0.39  3.375 1 1
-0.65  1.14  3.375 1 0
 9

// slupek2_E
-0.65  0.39  3.425 0 1
-0.65  0.39  3.375 0 0
-0.5  0.39  3.375 1 0
 8

-0.65  0.39  3.425 0 1
-0.5  0.39  3.425 1 1
-0.5  0.39  3.375 1 0
 8

// slupek2_F
-0.65  1.14  3.375 0 1
-0.65  1.14  3.425 0 0
-0.5  1.14  3.425 1 0
 8

-0.65  1.14  3.375 0 1
-0.5  1.14  3.375 1 1
-0.5  1.14  3.425 1 0
 8

// ponad_A
-0.65  1.14  2.75 0 1
-0.65  1.16  2.75 0 0
-0.5  1.16  2.75 1 0
 8

-0.65  1.14  2.75 0 1
-0.5  1.14  2.75 1 1
-0.5  1.16  2.75 1 0
 8

// ponad_B
-0.5  1.14  2.75 0 1
-0.5  1.16  2.75 0 0
-0.5  1.16  3.425 1 0
 9

-0.5  1.14  2.75 0 1
-0.5  1.14  3.425 1 1
-0.5  1.16  3.425 1 0
 9

// ponad_C
-0.5  1.14  3.425 0 1
-0.5  1.16  3.425 0 0
-0.65  1.16  3.425 1 0
 8

-0.5  1.14  3.425 0 1
-0.65  1.14  3.425 1 1
-0.65  1.16  3.425 1 0
 8

// ponad_D
-0.65  1.14  3.425 0 1
-0.65  1.16  3.425 0 0
-0.65  1.16  2.75 1 0
 9

-0.65  1.14  3.425 0 1
-0.65  1.14  2.75 1 1
-0.65  1.16  2.75 1 0
 9

// ponad_E
-0.65  1.14  3.425 0 1
-0.65  1.14  2.75 0 0
-0.5  1.14  2.75 1 0
 8

-0.65  1.14  3.425 0 1
-0.5  1.14  3.425 1 1
-0.5  1.14  2.75 1 0
 8

// ponad_F
-0.65  1.16  2.75 0 1
-0.65  1.16  3.425 0 0
-0.5  1.16  3.425 1 0
 8

-0.65  1.16  2.75 0 1
-0.5  1.16  2.75 1 1
-0.5  1.16  3.425 1 0
 8


// lacznie trojkatow : 36
