
NUMPOLLIES 136



// ************************* LITERA H 1
// h1_A
 0  0  0 0 1
 0  0.18  0 0 0
 0.04  0.18  0 1 0
 6

 0.04  0.18  0 1 0
 0.04  0  0 1 1
 0  0  0 0 1
 6

// h1_B
 0.04  0  0 0 1
 0.04  0.18  0 0 0
 0.04  0.18  0.04 1 0
 6

 0.04  0.18  0.04 1 0
 0.04  0  0.04 1 1
 0.04  0  0 0 1
 6

// h1_C
 0.04  0  0.04 0 1
 0.04  0.18  0.04 0 0
 0  0.18  0.04 1 0
 6

 0  0.18  0.04 1 0
 0  0  0.04 1 1
 0.04  0  0.04 0 1
 6

// h1_D
 0  0  0.04 0 1
 0  0.18  0.04 0 0
 0  0.18  0 1 0
 6

 0  0.18  0 1 0
 0  0  0 1 1
 0  0  0.04 0 1
 6

// h1_F
 0  0.18  0 0 1
 0  0.18  0.04 0 0
 0.04  0.18  0.04 1 0
 6

 0.04  0.18  0.04 1 0
 0.04  0.18  0 1 1
 0  0.18  0 0 1
 6

// h2_A
 0  0  0.08 0 1
 0  0.18  0.08 0 0
 0.04  0.18  0.08 1 0
 6

 0.04  0.18  0.08 1 0
 0.04  0  0.08 1 1
 0  0  0.08 0 1
 6

// h2_B
 0.04  0  0.08 0 1
 0.04  0.18  0.08 0 0
 0.04  0.18  0.12 1 0
 6

 0.04  0.18  0.12 1 0
 0.04  0  0.12 1 1
 0.04  0  0.08 0 1
 6

// h2_C
 0.04  0  0.12 0 1
 0.04  0.18  0.12 0 0
 0  0.18  0.12 1 0
 6

 0  0.18  0.12 1 0
 0  0  0.12 1 1
 0.04  0  0.12 0 1
 6

// h2_D
 0  0  0.12 0 1
 0  0.18  0.12 0 0
 0  0.18  0.08 1 0
 6

 0  0.18  0.08 1 0
 0  0  0.08 1 1
 0  0  0.12 0 1
 6

// h2_F
 0  0.18  0.08 0 1
 0  0.18  0.12 0 0
 0.04  0.18  0.12 1 0
 6

 0.04  0.18  0.12 1 0
 0.04  0.18  0.08 1 1
 0  0.18  0.08 0 1
 6

// h_middle_B
 0.04  0.07  0.04 0 1
 0.04  0.11  0.04 0 0
 0.04  0.11  0.08 1 0
 6

 0.04  0.11  0.08 1 0
 0.04  0.07  0.08 1 1
 0.04  0.07  0.04 0 1
 6

// h_middle_D
 0  0.07  0.08 0 1
 0  0.11  0.08 0 0
 0  0.11  0.04 1 0
 6

 0  0.11  0.04 1 0
 0  0.07  0.04 1 1
 0  0.07  0.08 0 1
 6

// h_middle_E
 0  0.07  0.08 0 1
 0  0.07  0.04 0 0
 0.04  0.07  0.04 1 0
 6

 0.04  0.07  0.04 1 0
 0.04  0.07  0.08 1 1
 0  0.07  0.08 0 1
 6

// h_middle_F
 0  0.11  0.04 0 1
 0  0.11  0.08 0 0
 0.04  0.11  0.08 1 0
 6

 0.04  0.11  0.08 1 0
 0.04  0.11  0.04 1 1
 0  0.11  0.04 0 1
 6

// ********************* H2
// h1_A
 0.58  0  0 0 1
 0.58  0.18  0 0 0
 0.62  0.18  0 1 0
 6

 0.62  0.18  0 1 0
 0.62  0  0 1 1
 0.58  0  0 0 1
 6

// h1_B
 0.62  0  0 0 1
 0.62  0.18  0 0 0
 0.62  0.18  0.04 1 0
 6

 0.62  0.18  0.04 1 0
 0.62  0  0.04 1 1
 0.62  0  0 0 1
 6

// h1_C
 0.62  0  0.04 0 1
 0.62  0.18  0.04 0 0
 0.58  0.18  0.04 1 0
 6

 0.58  0.18  0.04 1 0
 0.58  0  0.04 1 1
 0.62  0  0.04 0 1
 6

// h1_D
 0.58  0  0.04 0 1
 0.58  0.18  0.04 0 0
 0.58  0.18  0 1 0
 6

 0.58  0.18  0 1 0
 0.58  0  0 1 1
 0.58  0  0.04 0 1
 6

// h1_F
 0.58  0.18  0 0 1
 0.58  0.18  0.04 0 0
 0.62  0.18  0.04 1 0
 6

 0.62  0.18  0.04 1 0
 0.62  0.18  0 1 1
 0.58  0.18  0 0 1
 6

// h2_A
 0.58  0  0.08 0 1
 0.58  0.18  0.08 0 0
 0.62  0.18  0.08 1 0
 6

 0.62  0.18  0.08 1 0
 0.62  0  0.08 1 1
 0.58  0  0.08 0 1
 6

// h2_B
 0.62  0  0.08 0 1
 0.62  0.18  0.08 0 0
 0.62  0.18  0.12 1 0
 6

 0.62  0.18  0.12 1 0
 0.62  0  0.12 1 1
 0.62  0  0.08 0 1
 6

// h2_C
 0.62  0  0.12 0 1
 0.62  0.18  0.12 0 0
 0.58 0.18  0.12 1 0
 6


 0.58  0.18  0.12 1 0
 0.58  0  0.12 1 1
 0.62  0  0.12 0 1
 6

// h2_D
 0.58  0  0.12 0 1
 0.58  0.18  0.12 0 0
 0.58  0.18  0.08 1 0
 6

 0.58  0.18  0.08 1 0
 0.58  0  0.08 1 1
 0.58  0  0.12 0 1
 6

// h2_F
 0.58  0.18  0.08 0 1
 0.58  0.18  0.12 0 0
 0.62  0.18  0.12 1 0
 6

 0.62  0.18  0.12 1 0
 0.62  0.18  0.08 1 1
 0.58  0.18  0.08 0 1
 6

// h_middle_B
 0.62  0.07  0.04 0 1
 0.62  0.11  0.04 0 0
 0.62  0.11  0.08 1 0
 6

 0.62  0.11  0.08 1 0
 0.62  0.07  0.08 1 1
 0.62  0.07  0.04 0 1
 6

// h_middle_D
 0.58  0.07  0.08 0 1
 0.58  0.11  0.08 0 0
 0.58  0.11  0.04 1 0
 6

 0.58  0.11  0.04 1 0
 0.58  0.07  0.04 1 1
 0.58  0.07  0.08 0 1
 6

// h_middle_E
 0.58  0.07  0.08 0 1
 0.58  0.07  0.04 0 0
 0.62  0.07  0.04 1 0
 6

 0.62  0.07  0.04 1 0
 0.62  0.07  0.08 1 1
 0.58  0.07  0.08 0 1
 6

// h_middle_F
 0.58  0.11  0.04 0 1
 0.58  0.11  0.08 0 0
 0.62  0.11  0.08 1 0
 6

 0.62  0.11  0.08 1 0
 0.62  0.11  0.04 1 1
 0.58  0.11  0.04 0 1
 6


// ************* BELKI LAWKI

// belka1_A
 0.04  0.163  0.0015 0 0.017
 0.04  0.18  0.0015 0 0
 0.58  0.18  0.0015 0.54 0
 7

 0.58  0.18  0.0015 0.54 0
 0.58  0.163  0.0015 0.54 0.017
 0.04  0.163  0.0015 0 0.017
 7

// belka1_C
 0.58  0.163  0.0185 0 0.017
 0.58  0.18  0.0185 0 0
 0.04  0.18  0.0185 0.54 0
 7

 0.04  0.18  0.0185 0.54 0
 0.04  0.163  0.0185 0.54 0.017
 0.58  0.163  0.0185 0 0.017
 7

// belka1_E
 0.04  0.163  0.0185 0 0.017
 0.04  0.163  0.0015 0 0
 0.58  0.163  0.0015 0.54 0
 7

 0.58  0.163  0.0015 0.54 0
 0.58  0.163  0.0185 0.54 0.017
 0.04  0.163  0.0185 0 0.017
 7

// belka1_F
 0.04  0.18  0.0015 0 0.017
 0.04  0.18  0.0185 0 0
 0.58  0.18  0.0185 0.54 0
 7

 0.58  0.18  0.0185 0.54 0
 0.58  0.18  0.0015 0.54 0.017
 0.04  0.18  0.0015 0 0.017
 7

// ************* BELKA #2

// belka2_A
 0.04  0.163  0.0215 0 0.017
 0.04  0.18  0.0215 0 0
 0.58  0.18  0.0215 0.54 0
 7

 0.58  0.18  0.0215 0.54 0
 0.58  0.163  0.0215 0.54 0.017
 0.04  0.163  0.0215 0 0.017
 7

// belka2_C
 0.58  0.163  0.0385 0 0.017
 0.58  0.18  0.0385 0 0
 0.04  0.18  0.0385 0.54 0
 7

 0.04  0.18  0.0385 0.54 0
 0.04  0.163  0.0385 0.54 0.017
 0.58  0.163  0.0385 0 0.017
 7

// belka2_E
 0.04  0.163  0.0385 0 0.017
 0.04  0.163  0.0215 0 0
 0.58  0.163  0.0215 0.54 0
 7

 0.58  0.163  0.0215 0.54 0
 0.58  0.163  0.0385 0.54 0.017
 0.04  0.163  0.0385 0 0.017
 7

// belka2_F
 0.04  0.18  0.0215 0 0.017
 0.04  0.18  0.0385 0 0
 0.58  0.18  0.0385 0.54 0
 7

 0.58  0.18  0.0385 0.54 0
 0.58  0.18  0.0215 0.54 0.017
 0.04  0.18  0.0215 0 0.017
 7

// ************* BELKI LAWKI

// belka3_A
 0  0.163  0.0415 0 0.017
 0  0.18  0.0415 0 0
 0.62  0.18  0.0415 0.54 0
 7

 0.62  0.18  0.0415 0.54 0
 0.62  0.163  0.0415 0.54 0.017
 0  0.163  0.0415 0 0.017
 7

// belka3_C
 0.62  0.163  0.0585 0 0.017
 0.62  0.18  0.0585 0 0
 0  0.18  0.0585 0.54 0
 7

 0  0.18  0.0585 0.54 0
 0  0.163  0.0585 0.54 0.017
 0.62  0.163  0.0585 0 0.017
 7

// belka3_E
 0  0.163  0.0585 0 0.017
 0  0.163  0.0415 0 0
 0.62  0.163  0.0415 0.54 0
 7

 0.62  0.163  0.0415 0.54 0
 0.62  0.163  0.0585 0.54 0.017
 0  0.163  0.0585 0 0.017
 7

// belka3_F
 0  0.18  0.0415 0 0.017
 0  0.18  0.0585 0 0
 0.62  0.18  0.0585 0.54 0
 7

 0.62  0.18  0.0585 0.54 0
 0.62  0.18  0.0415 0.54 0.017
 0  0.18  0.0415 0 0.017
 7

// ************* BELKA #4

// belka4_A
 0  0.163  0.0615 0 0.017
 0  0.18  0.0615 0 0
 0.62  0.18  0.0615 0.54 0
 7

 0.62  0.18  0.0615 0.54 0
 0.62  0.163  0.0615 0.54 0.017
 0  0.163  0.0615 0 0.017
 7

// belka4_C
 0.62  0.163  0.0785 0 0.017
 0.62  0.18  0.0785 0 0
 0  0.18  0.0785 0.54 0
 7

 0  0.18  0.0785 0.54 0
 0  0.163  0.0785 0.54 0.017
 0.62  0.163  0.0785 0 0.017
 7

// belka4_E
 0  0.163  0.0785 0 0.017
 0  0.163  0.0615 0 0
 0.62  0.163  0.0615 0.54 0
 7

 0.62  0.163  0.0615 0.54 0
 0.62  0.163  0.0785 0.54 0.017
 0  0.163  0.0785 0 0.017
 7

// belka4_F
 0  0.18  0.0615 0 0.017
 0  0.18  0.0785 0 0
 0.62  0.18  0.0785 0.54 0
 7

 0.62  0.18  0.0785 0.54 0
 0.62  0.18  0.0615 0.54 0.017
 0  0.18  0.0615 0 0.017
 7


// ************* BELKI LAWKI

// belka_5_A
 0.04  0.163  0.0815 0 0.017
 0.04  0.18  0.0815 0 0
 0.58  0.18  0.0815 0.54 0
 7

 0.58  0.18  0.0815 0.54 0
 0.58  0.163  0.0815 0.54 0.017
 0.04  0.163  0.0815 0 0.017
 7

// belka_5_C
 0.58  0.163  0.0985 0 0.017
 0.58  0.18  0.0985 0 0
 0.04  0.18  0.0985 0.54 0
 7

 0.04  0.18  0.0985 0.54 0
 0.04  0.163  0.0985 0.54 0.017
 0.58  0.163  0.0985 0 0.017
 7

// belka_5_E
 0.04  0.163  0.0985 0 0.017
 0.04  0.163  0.0815 0 0
 0.58  0.163  0.0815 0.54 0
 7

 0.58  0.163  0.0815 0.54 0
 0.58  0.163  0.0985 0.54 0.017
 0.04  0.163  0.0985 0 0.017
 7

// belka_5_F
 0.04  0.18  0.0815 0 0.017
 0.04  0.18  0.0985 0 0
 0.58  0.18  0.0985 0.54 0
 7

 0.58  0.18  0.0985 0.54 0
 0.58  0.18  0.0815 0.54 0.017
 0.04  0.18  0.0815 0 0.017
 7

// ************* BELKA #6

// belka_6_A
 0.04  0.163  0.1015 0 0.017
 0.04  0.18  0.1015 0 0
 0.58  0.18  0.1015 0.54 0
 7

 0.58  0.18  0.1015 0.54 0
 0.58  0.163  0.1015 0.54 0.017
 0.04  0.163  0.1015 0 0.017
 7

// belka_6_C
 0.58  0.163  0.1185 0 0.017
 0.58  0.18  0.1185 0 0
 0.04  0.18  0.1185 0.54 0
 7

 0.04  0.18  0.1185 0.54 0
 0.04  0.163  0.1185 0.54 0.017
 0.58  0.163  0.1185 0 0.017
 7

// belka_6_E
 0.04  0.163  0.1185 0 0.017
 0.04  0.163  0.1015 0 0
 0.58  0.163  0.1015 0.54 0
 7

 0.58  0.163  0.1015 0.54 0
 0.58  0.163  0.1185 0.54 0.017
 0.04  0.163  0.1185 0 0.017
 7

// belka_6_F
 0.04  0.18  0.1015 0 0.017
 0.04  0.18  0.1185 0 0
 0.58  0.18  0.1185 0.54 0
 7

 0.58  0.18  0.1185 0.54 0
 0.58  0.18  0.1015 0.54 0.017
 0.04  0.18  0.1015 0 0.017
 7

// *********************** DODATEK DO BELEK

// zewnetrzne_sciany_belek_srodkowych_B
 0.62  0.163  0.0415 0 0.017
 0.62  0.18  0.0415 0 0
 0.62  0.18  0.0585 0.017 0
 7

 0.62  0.18  0.0585 0.017 0
 0.62  0.163  0.0585 0.017 0.017
 0.62  0.163  0.0415 0 0.017
 7

// zewnetrzne_sciany_belek_srodkowych_D
 0  0.163  0.0585 0 0.017
 0  0.18  0.0585 0 0
 0  0.18  0.0415 0.017 0
 7

 0  0.18  0.0415 0.017 0
 0  0.163  0.0415 0.017 0.017
 0  0.163  0.0585 0 0.017
 7


// zewnetrzne_sciany_belek_srodkowych_B2
 0.62  0.163  0.0615 0 0.017
 0.62  0.18  0.0615 0 0
 0.62  0.18  0.0785 0.017 0
 7

 0.62  0.18  0.0785 0.017 0
 0.62  0.163  0.0785 0.017 0.017
 0.62  0.163  0.0615 0 0.017
 7

// zewnetrzne_sciany_belek_srodkowych_D2
 0  0.163  0.0785 0 0.017
 0  0.18  0.0785 0 0
 0  0.18  0.0615 0.017 0
 7

 0  0.18  0.0615 0.017 0
 0  0.163  0.0615 0.017 0.017
 0  0.163  0.0785 0 0.017
 7


// ********************** CZARNE WSPORNIKI

// ************************** 1
// czarne1_A
 0.04  0.153  0.005 0 0.01
 0.04  0.163  0.005 0 0
 0.58  0.163  0.005 0.54 0
 5

 0.58  0.163  0.005 0.54 0
 0.58  0.153  0.005 0.54 0.01
 0.04  0.153  0.005 0 0.01
 5
// czarne1_C
 0.58  0.153  0.015 0 0.01
 0.58  0.163  0.015 0 0
 0.04  0.163  0.015 0.54 0
 5

 0.04  0.163  0.015 0.54 0
 0.04  0.153  0.015 0.54 0.01
 0.58  0.153  0.015 0 0.01
 5

// czarne1_E
 0.04  0.153  0.015 0 0.01
 0.04  0.153  0.005 0 0
 0.58  0.153  0.005 0.54 0
 5

 0.58  0.153  0.005 0.54 0
 0.58  0.153  0.015 0.54 0.01
 0.04  0.153  0.015 0 0.01
 5

// ************************** 2
// czarne1_A
 0.04  0.153  0.105 0 0.01
 0.04  0.163  0.105 0 0
 0.58  0.163  0.105 0.54 0
 5

 0.58  0.163  0.105 0.54 0
 0.58  0.153  0.105 0.54 0.01
 0.04  0.153  0.105 0 0.01
 5
// czarne1_C
 0.58  0.153  0.115 0 0.01
 0.58  0.163  0.115 0 0
 0.04  0.163  0.115 0.54 0
 5

 0.04  0.163  0.115 0.54 0
 0.04  0.153  0.115 0.54 0.01
 0.58  0.153  0.115 0 0.01
 5

// czarne1_E
 0.04  0.153  0.115 0 0.01
 0.04  0.153  0.105 0 0
 0.58  0.153  0.105 0.54 0
 5

 0.58  0.153  0.105 0.54 0
 0.58  0.153  0.115 0.54 0.01
 0.04  0.153  0.115 0 0.01
 5

// *************** srodkowe!

// czarne_middle1_B
 0.17  0.153  0.015 0 0.01
 0.17  0.163  0.015 0 0
 0.17  0.163  0.105 0.07 0
 5

 0.17  0.163  0.105 0.07 0
 0.17  0.153  0.105 0.07 0.01
 0.17  0.153  0.015 0 0.01
 5

// czarne_middle1_D
 0.16  0.153  0.105 0 0.01
 0.16  0.163  0.105 0 0
 0.16  0.163  0.015 0.07 0
 5

 0.16  0.163  0.015 0.07 0
 0.16  0.153  0.015 0.07 0.01
 0.16  0.153  0.105 0 0.01
 5

// czarne_middle1_E
 0.16  0.153  0.105 0 0.01
 0.16  0.153  0.015 0 0
 0.17  0.153  0.015 0.07 0
 5

 0.17  0.153  0.015 0.07 0
 0.17  0.153  0.105 0.07 0.01
 0.16  0.153  0.105 0 0.01
 5


// czarne_middle2_B
 0.46  0.153  0.015 0 0.01
 0.46  0.163  0.015 0 0
 0.46  0.163  0.105 0.07 0
 5

 0.46  0.163  0.105 0.07 0
 0.46  0.153  0.105 0.07 0.01
 0.46  0.153  0.015 0 0.01
 5
// czarne_middle2_D
 0.45  0.153  0.105 0 0.01
 0.45  0.163  0.105 0 0
 0.45  0.163  0.015 0.07 0
 5

 0.45  0.163  0.015 0.07 0
 0.45  0.153  0.015 0.07 0.01
 0.45  0.153  0.105 0 0.01
 5

// czarne_middle2_E
 0.45  0.153  0.105 0 0.01
 0.45  0.153  0.015 0 0
 0.46  0.153  0.015 0.07 0
 5

 0.46  0.153  0.015 0.07 0
 0.46  0.153  0.105 0.07 0.01
 0.45  0.153  0.105 0 0.01
 5
