NUMPOLLIES 46
// bylo: 48


// main_F
 -12  0  16 0 1.5
 -12  0  16.75 0 0
 8  0  16.75 40 0
26
 8  0  16.75 40 0
 8  0  16 40 1.5
 -12  0  16 0 1.5
26

// main_przejsciowe
 -4  0  15.5 1 1
 -4.5  0  16 0 0
 -2.5  0  16 4 0
26
 -2.5  0  16 4 0
 -3  0  15.5 3 1
 -4  0  15.5 1 1
26

// main_przy_wejsciu_plac
 -6.8  0  12.75 0 2
 -5  0  15 0 0
 -2  0  15 40 0
26
 -2  0  15 40 0
 -0.2  0  12.75 40 2
 -6.8  0  12.75 0 2
26

// main_studzienka
 -3.75  0  16.75 0 1
 -3.65  -0.03  17 0.5 0.8
 -3.35  -0.03  17 0.5 0.2
26
 -3.35  -0.03  17 0.5 0.2
 -3.25  0  16.75 0 0
 -3.75  0  16.75 0 1
26


// kraweznik chodnika 1 A
 -3.25  0.015  16.75 0 0.2
 -3.25  0.015  16.76 0 0
 8  0.015  16.76 57 0
6
 8  0.015  16.76 57 0
 8  0.015  16.75 57 0.2
 -3.25  0.015  16.75 0 0.2
6

// kraweznik chodnika 1 B
 8  0.015 16.76 57 0
 -3.25  0.015  16.76 0 0
 -3.25  0  16.76 0 0.17
6
 -3.25  0  16.76 0 0.17
 8  0  16.76 57 0.17
 8  0.015  16.76 57 0
6
// kraweznik chodnika 1 C
 -3.25  0  16.75 0 0.17
 -3.25  0.015  16.75 0 0
 8  0.015 16.75 57 0
6
 8  0.015  16.75 57 0
 8  0  16.75 57 0.17
 -3.25  0  16.75 0 0.17
6

// ***** SCIEK
// kraweznik chodnika 1 D
 -3.35  -0.03  17 0 0.2
 -3.35  0.015  17 0 0
 -3.25  0.015 16.75 1 0
6
 -3.25  0.015  16.75 1 0
 -3.25  0  16.75 1 0.17
 -3.35  -0.03  17 0 0.2
6

// kraweznik chodnika 1 E
 -3.65  -0.03  17 0 0.2
 -3.65  0.015  17 0 0
 -3.35  0.015 17 1 0
6
 -3.35  0.015  17 1 0
 -3.35 -0.03  17 1 0.2
 -3.65  -0.03  17 0 0.2
6

// kraweznik chodnika 1 D2
 -3.75  0.015 16.75 1 0
 -3.65  0.015  17 0 0
 -3.65  -0.03  17 0 0.2
6
 -3.65  -0.03  17 0 0.2
 -3.75  0  16.75 1 0.17
 -3.75  0.015  16.75 1 0
6

// kraweznik chodnika 2 D
 -3.245  0.015 16.76 1 0
 -3.345  0.015  17.01 0 0
 -3.345  -0.03  17.01 0 0.2
6
 -3.345  -0.03  17.01 0 0.2
 -3.245  0  16.76 1 0.17.01
 -3.245  0.015  16.76 1 0
6

// kraweznik chodnika 2 E
 -3.345  0.015 17.01 1 0
 -3.655  0.015  17.01 0 0
 -3.655  -0.03  17.01 0 0.2
6
 -3.655  -0.03  17.01 0 0.2
 -3.345 -0.03  17.01 1 0.2
 -3.345  0.015  17.01 1 0
6

// kraweznik chodnika 2 D2
 -3.655  -0.03  17.01 0 0.2
 -3.655  0.015  17.01 0 0
 -3.755  0.015 16.76 1 0
6
 -3.755  0.015  16.76 1 0
 -3.755  0  16.76 1 0.17.01
 -3.655  -0.03  17.01 0 0.2
6

// kraweznik chodnika 1 ROOF_MID
 -3.65  0.015  17 0 0.2
 -3.655  0.015  17.01 0 0
 -3.345  0.015  17.01 1 0
6
 -3.345  0.015  17.01 1 0
 -3.35  0.015  17 1 0.2
 -3.65  0.015  17 0 0.2
6

// kraweznik chodnika 1 ROOF_BOT
 -3.345  0.015  17.01 0.95 0.2
 -3.25  0.015  16.75 0.05 0
 -3.35  0.015  17.0 1 0
6
 -3.245  0.015  16.76 0 0
 -3.25  0.015  16.75 0.05 0.2
 -3.345  0.015  17.01 0.95 0.2
6

// kraweznik chodnika 1 ROOF_TOP
 -3.65  0.015  17.0 1 0
 -3.75  0.015  16.75 0.05 0
 -3.655  0.015  17.01 0.95 0.2
6
 -3.655  0.015  17.01 0.95 0.2
 -3.75  0.015  16.75 0.05 0.2
 -3.755  0.015  16.76 0 0
6


// ************************ KONIEC SCIEKU
// kraweznik chodnika 1 G
 -12  0.015  16.75 0 0.2
 -12  0.015  16.76 0 0
 -3.75  0.015  16.76 42 0
6
 -3.75  0.015  16.76 42 0
 -3.75  0.015  16.75 42 0.2
 -12  0.015  16.75 0 0.2
6

// kraweznik chodnika 1 H
 -3.75  0.015 16.76 42 0
 -12  0.015  16.76 0 0
 -12  0  16.76 0 0.17
6
 -12  0  16.76 0 0.17
 -3.75  0  16.76 42 0.17
 -3.75  0.015  16.76 42 0
6
// kraweznik chodnika 1 I
 -12  0  16.75 0 0.17
 -12  0.015  16.75 0 0
 -3.75  0.015 16.75 42 0
6
 -3.75  0.015  16.75 42 0
 -3.75  0  16.75 42 0.17
 -12  0  16.75 0 0.17
6

// main_studzienka
 -3.55  0.001  16.85 1 0
 -3.55  -0.029  17 1 1
 -3.45  -0.029  17 0 1
27
 -3.45  -0.029  17 0 1
 -3.45  0.001  16.85 0 0
 -3.55  0.001  16.85 1 0
27

// TRAWA

// trawa1
 -12  0.01  17.01 0 12
 -12  0.01  20 0 0
 8  0.01  20 40 0
3
 8  0.01  20 40 0
 8  0.01  17.01 40 12
 -12  0.01  17.01 0 12
3
// trawa2
 -12  0.01  16.76 0 1
 -12  0.01  17.01 0 0
 -3.655  0.01  17.01 28 0
3
 -3.655  0.01 17.01 28 0 
 -3.755  0.01  16.76 28 1
 -12  0.01  16.76 0 1
3
// trawa3
 -3.245  0.01  16.76 0 1
 -3.345  0.01  17.01 0 0
 8  0.01  17.01 28 0
3
 8  0.01 17.01 28 0 
 8  0.01  16.76 28 1
 -3.245  0.01  16.76 0 1
3