
// **** GORA WYZSZA!!
// gorna_rama2_B
-0.02  1.04   0 1
-0.02  1.05  0 0 0
-0.02  1.05  3.49 1 0
 5

-0.02  1.04   0 0 1
-0.02  1.04  3.49 1 1
-0.02  1.05  3.49 1 0
 5

// gorna_rama2_D
0  1.04   3.49 0 1
0  1.05  3.49 0 0
0  1.05  0 1 0
 5

0  1.04   3.49 0 1
0  1.04   0 1 1
0  1.05  0 1 0
 5

// gorna_rama2_F
-0.02  1.04   0 0 1
-0.02  1.04   3.49 0 0
0  1.04   3.49 1 0
 5

-0.02  1.04 0  0 1
0  1.04   0 1 1
0  1.04   3.49 1 0
 5

// gorna_rama2_E
-0.02  1.05  0 0 1
-0.02  1.05  3.49 0 0
0  1.05  3.49 1 0
 5

-0.02  1.05  0  0 1
0  1.05  0 1 1
0  1.05  3.49 1 0
 5
