
NUMPOLLIES 8

// rama_A
 0.00  0.01  0 0 1
 0.00  0.75  0 0 0
-0.01  0.75  0 1 0
 5

 0.00  0.01  0 0 1
-0.01  0.01  0 1 1
-0.01  0.75  0 1 0
 5

// rama_B
-0.01  0.01  0 0 1
-0.01  0.75  0 0 0
-0.01  0.75  0.01 1 0
 5

-0.01  0.01  0 0 1
-0.01  0.01  0.01 1 1
-0.01  0.75  0.01 1 0
 5

// rama_C
-0.01  0.01  0.01 0 1
-0.01  0.75  0.01 0 0
 0.00  0.75  0.01 1 0
 5

-0.01  0.01  0.01 0 1
 0.00  0.01  0.01 1 1
 0.00  0.75  0.01 1 0
 5

// rama_D
 0.00  0.01  0.01 0 1
 0.00  0.75  0.01 0 0
 0.00  0.75  0 1 0
 5

 0.00  0.01  0.01 0 1
 0.00  0.01  0 1 1
 0.00  0.75  0 1 0
 5


// **************** SMIECI
// ************************** DRUGA RAMA OKNA
// rama_A
 0  0  0.318 0 1
 0  0.76  0.318 0 0
-0.01  0.76  0.318 1 0
 5

 0  0  0.318 0 1
-0.01  0  0.318 1 1
-0.01  0.76  0.318 1 0
 5

// rama_B
-0.01  0  0.318 0 1
-0.01  0.76  0.318 0 0
-0.01  0.76  0.328 1 0
 5

-0.01  0  0.318 0 1
-0.01  0  0.328 1 1
-0.01  0.76  0.328 1 0
 5

// rama_C
-0.01  0  0.328 0 1
-0.01  0.76  0.328 0 0
 0  0.76  0.328 1 0
 5

-0.01  0  0.328 0 1
 0  0  0.328 1 1
 0  0.76  0.328 1 0
 5

// rama_D
 0  0  0.328 0 1
 0  0.76  0.328 0 0
 0  0.76  0.318 1 0
 5

 0  0  0.328 0 1
 0  0  0.318 1 1
 0  0.76  0.318 1 0
 5


// rama_E
 0  0  0.01 0 1
 0  0  0 0 0
-0.01  0  0 1 0
 5

 0  0  0.01 0 1
-0.01  0  0.01 1 1
-0.01  0  0 1 0
 5

// rama_F
 0  0.76  0 0 1
 0  0.76  0.01 0 0
-0.01  0.76  0.01 1 0
 5

 0  0.76  0 0 1
-0.01  0.76  0 1 1
-0.01  0.76  0.01 1 0
 5


// lacznie trojkatow : 12
