
NUMPOLLIES 8

// ********************* model schodka!

// schodek3_A
 -0.3 0  1 0 0.54
 -0.3  0.054 1 0 0
 1  0.054 1 13 0
 1

 -0.3 0  1 0 0.44
 1  0  1 13 0.44
 1  0.054 1 13 0
 1

// schodek3_wystep_A
 -0.3 0.054 0.98 0 0.5
 -0.3 0.06    0.98 0 0
 1  0.06    0.98 13 0
 1

 -0.3 0.054 0.98 0 0.5
 1  0.054 0.98 13 0.5
 1  0.06 0.98 13 0
 1


// schodek1A
 -0.3 0.06 1 0 0.2
 -0.3 0.06 0.98 0 0
 1  0.06 0.98 13 0
 1

 -0.3 0.06 1 0 0.2
 1  0.06 1 13 0.2
 1  0.06 0.98 13 0
 1
// schodek1A
 -0.3 0.054 1 0 0.2
 -0.3 0.054 0.98 0 0
 1  0.054 0.98 13 0
 1

 -0.3 0.054 1 0 0.2
 1  0.054 1 13 0.2
 1  0.054 0.98 13 0
 1
