

NUMPOLLIES 488



// ************************* LITERA H 1
// h1_A
 0  0  0 0 1
 0  0.18  0 0 0
 0.04  0.18  0 1 0
 6

 0.04  0.18  0 1 0
 0.04  0  0 1 1
 0  0  0 0 1
 6

// h1_B
 0.04  0  0 0 1
 0.04  0.18  0 0 0
 0.04  0.18  0.04 1 0
 6

 0.04  0.18  0.04 1 0
 0.04  0  0.04 1 1
 0.04  0  0 0 1
 6

// h1_C
 0.04  0  0.04 0 1
 0.04  0.18  0.04 0 0
 0  0.18  0.04 1 0
 6

 0  0.18  0.04 1 0
 0  0  0.04 1 1
 0.04  0  0.04 0 1
 6

// h1_D
 0  0  0.04 0 1
 0  0.18  0.04 0 0
 0  0.18  0 1 0
 6

 0  0.18  0 1 0
 0  0  0 1 1
 0  0  0.04 0 1
 6

// h1_F
 0  0.18  0 0 1
 0  0.18  0.04 0 0
 0.04  0.18  0.04 1 0
 6

 0.04  0.18  0.04 1 0
 0.04  0.18  0 1 1
 0  0.18  0 0 1
 6

// h2_A
 0  0  0.08 0 1
 0  0.18  0.08 0 0
 0.04  0.18  0.08 1 0
 6

 0.04  0.18  0.08 1 0
 0.04  0  0.08 1 1
 0  0  0.08 0 1
 6

// h2_B
 0.04  0  0.08 0 1
 0.04  0.18  0.08 0 0
 0.04  0.18  0.12 1 0
 6

 0.04  0.18  0.12 1 0
 0.04  0  0.12 1 1
 0.04  0  0.08 0 1
 6

// h2_C
 0.04  0  0.12 0 1
 0.04  0.18  0.12 0 0
 0  0.18  0.12 1 0
 6

 0  0.18  0.12 1 0
 0  0  0.12 1 1
 0.04  0  0.12 0 1
 6

// h2_D
 0  0  0.12 0 1
 0  0.18  0.12 0 0
 0  0.18  0.08 1 0
 6

 0  0.18  0.08 1 0
 0  0  0.08 1 1
 0  0  0.12 0 1
 6

// h2_F
 0  0.18  0.08 0 1
 0  0.18  0.12 0 0
 0.04  0.18  0.12 1 0
 6

 0.04  0.18  0.12 1 0
 0.04  0.18  0.08 1 1
 0  0.18  0.08 0 1
 6

// h_middle_B
 0.04  0.07  0.04 0 1
 0.04  0.11  0.04 0 0
 0.04  0.11  0.08 1 0
 6

 0.04  0.11  0.08 1 0
 0.04  0.07  0.08 1 1
 0.04  0.07  0.04 0 1
 6

// h_middle_D
 0  0.07  0.08 0 1
 0  0.11  0.08 0 0
 0  0.11  0.04 1 0
 6

 0  0.11  0.04 1 0
 0  0.07  0.04 1 1
 0  0.07  0.08 0 1
 6

// h_middle_E
 0  0.07  0.08 0 1
 0  0.07  0.04 0 0
 0.04  0.07  0.04 1 0
 6

 0.04  0.07  0.04 1 0
 0.04  0.07  0.08 1 1
 0  0.07  0.08 0 1
 6

// h_middle_F
 0  0.11  0.04 0 1
 0  0.11  0.08 0 0
 0.04  0.11  0.08 1 0
 6

 0.04  0.11  0.08 1 0
 0.04  0.11  0.04 1 1
 0  0.11  0.04 0 1
 6

// ********************* H2
// h1_A
 0.58  0  0 0 1
 0.58  0.18  0 0 0
 0.62  0.18  0 1 0
 6

 0.62  0.18  0 1 0
 0.62  0  0 1 1
 0.58  0  0 0 1
 6

// h1_B
 0.62  0  0 0 1
 0.62  0.18  0 0 0
 0.62  0.18  0.04 1 0
 6

 0.62  0.18  0.04 1 0
 0.62  0  0.04 1 1
 0.62  0  0 0 1
 6

// h1_C
 0.62  0  0.04 0 1
 0.62  0.18  0.04 0 0
 0.58  0.18  0.04 1 0
 6

 0.58  0.18  0.04 1 0
 0.58  0  0.04 1 1
 0.62  0  0.04 0 1
 6

// h1_D
 0.58  0  0.04 0 1
 0.58  0.18  0.04 0 0
 0.58  0.18  0 1 0
 6

 0.58  0.18  0 1 0
 0.58  0  0 1 1
 0.58  0  0.04 0 1
 6

// h1_F
 0.58  0.18  0 0 1
 0.58  0.18  0.04 0 0
 0.62  0.18  0.04 1 0
 6

 0.62  0.18  0.04 1 0
 0.62  0.18  0 1 1
 0.58  0.18  0 0 1
 6

// h2_A
 0.58  0  0.08 0 1
 0.58  0.18  0.08 0 0
 0.62  0.18  0.08 1 0
 6

 0.62  0.18  0.08 1 0
 0.62  0  0.08 1 1
 0.58  0  0.08 0 1
 6

// h2_B
 0.62  0  0.08 0 1
 0.62  0.18  0.08 0 0
 0.62  0.18  0.12 1 0
 6

 0.62  0.18  0.12 1 0
 0.62  0  0.12 1 1
 0.62  0  0.08 0 1
 6

// h2_C
 0.62  0  0.12 0 1
 0.62  0.18  0.12 0 0
 0.58 0.18  0.12 1 0
 6

 0.62  0.18  0.12 1 0
 0.62  0  0.12 1 1
 0.58  0  0.12 0 1
 6

// h2_D
 0.58  0  0.12 0 1
 0.58  0.18  0.12 0 0
 0.58  0.18  0.08 1 0
 6

 0.58  0.18  0.08 1 0
 0.58  0  0.08 1 1
 0.58  0  0.12 0 1
 6

// h2_F
 0.58  0.18  0.08 0 1
 0.58  0.18  0.12 0 0
 0.62  0.18  0.12 1 0
 6

 0.62  0.18  0.12 1 0
 0.62  0.18  0.08 1 1
 0.58  0.18  0.08 0 1
 6

// h_middle_B
 0.62  0.07  0.04 0 1
 0.62  0.11  0.04 0 0
 0.62  0.11  0.08 1 0
 6

 0.62  0.11  0.08 1 0
 0.62  0.07  0.08 1 1
 0.62  0.07  0.04 0 1
 6

// h_middle_D
 0.58  0.07  0.08 0 1
 0.58  0.11  0.08 0 0
 0.58  0.11  0.04 1 0
 6

 0.58  0.11  0.04 1 0
 0.58  0.07  0.04 1 1
 0.58  0.07  0.08 0 1
 6

// h_middle_E
 0.58  0.07  0.08 0 1
 0.58  0.07  0.04 0 0
 0.62  0.07  0.04 1 0
 6

 0.62  0.07  0.04 1 0
 0.62  0.07  0.08 1 1
 0.58  0.07  0.08 0 1
 6

// h_middle_F
 0.58  0.11  0.04 0 1
 0.58  0.11  0.08 0 0
 0.62  0.11  0.08 1 0
 6

 0.62  0.11  0.08 1 0
 0.62  0.11  0.04 1 1
 0.58  0.11  0.04 0 1
 6

// ***************** CZESC SRODKOWA

// czarne1_A
 0.04  0.01  0.015 0 0.01
 0.04  0.02  0.015 0 0
 0.58  0.02  0.015 0.54 0
 5

 0.58  0.02  0.015 0.54 0
 0.58  0.01  0.015 0.54 0.01
 0.04  0.01  0.015 0 0.01
 5
// czarne1_C
 0.58  0.01  0.025 0 0.01
 0.58  0.02  0.025 0 0
 0.04  0.02  0.025 0.54 0
 5

 0.04  0.02  0.025 0.54 0
 0.04  0.01  0.025 0.54 0.01
 0.58  0.01  0.025 0 0.01
 5

// czarne1_E
 0.04  0.01  0.025 0 0.01
 0.04  0.01  0.015 0 0
 0.58  0.01  0.015 0.54 0
 5

 0.58  0.01  0.015 0.54 0
 0.58  0.01  0.025 0.54 0.01
 0.04  0.01  0.025 0 0.01
 5

// czarne1_F
 0.04  0.02  0.015 0 0.01
 0.04  0.02  0.025 0 0
 0.58  0.02  0.025 0.54 0
 5

 0.58  0.02  0.025 0.54 0
 0.58  0.02  0.015 0.54 0.01
 0.04  0.02  0.015 0 0.01
 5

// czarne2_A
 0.04  0.01  0.095 0 0.01
 0.04  0.02  0.095 0 0
 0.58  0.02  0.095 0.54 0
 5

 0.58  0.02  0.095 0.54 0
 0.58  0.01  0.095 0.54 0.01
 0.04  0.01  0.095 0 0.01
 5

// czarne2_C
 0.58  0.01  0.105 0 0.01
 0.58  0.02  0.105 0 0
 0.04  0.02  0.105 0.54 0
 5

 0.04  0.02  0.105 0.54 0
 0.04  0.01  0.105 0.54 0.01
 0.58  0.01  0.105 0 0.01
 5

// czarne2_E
 0.04  0.01  0.105 0 0.01
 0.04  0.01  0.095 0 0
 0.58  0.01  0.095 0.54 0
 5

 0.58  0.01  0.095 0.54 0
 0.58  0.01  0.105 0.54 0.01
 0.04  0.01  0.105 0 0.01
 5

// czarne2_F
 0.04  0.02  0.095 0 0.01
 0.04  0.02  0.105 0 0
 0.58  0.02  0.105 0.54 0
 5

 0.58  0.02  0.105 0.54 0
 0.58  0.02  0.095 0.54 0.01
 0.04  0.02  0.095 0 0.01
 5

// czarne_middle1_B
 0.17  0.01  0.025 0 0.01
 0.17  0.02  0.025 0 0
 0.17  0.02  0.095 0.07 0
 5

 0.17  0.02  0.095 0.07 0
 0.17  0.01  0.095 0.07 0.01
 0.17  0.01  0.025 0 0.01
 5

// czarne_middle1_D
 0.16  0.01  0.095 0 0.01
 0.16  0.02  0.095 0 0
 0.16  0.02  0.025 0.07 0
 5

 0.16  0.02  0.025 0.07 0
 0.16  0.01  0.025 0.07 0.01
 0.16  0.01  0.095 0 0.01
 5

// czarne_middle1_E
 0.16  0.01  0.095 0 0.01
 0.16  0.01  0.025 0 0
 0.17  0.01  0.025 0.07 0
 5

 0.17  0.01  0.025 0.07 0
 0.17  0.01  0.095 0.07 0.01
 0.16  0.01  0.095 0 0.01
 5

// czarne_middle1_F
 0.16  0.02  0.025 0 0.01
 0.16  0.02  0.095 0 0
 0.17  0.02  0.095 0.07 0
 5

 0.17  0.02  0.095 0.07 0
 0.17  0.02  0.025 0.07 0.01
 0.16  0.02  0.025 0 0.01
 5

// czarne_middle2_B
 0.46  0.01  0.025 0 0.01
 0.46  0.02  0.025 0 0
 0.46  0.02  0.095 0.07 0
 5

 0.46  0.02  0.095 0.07 0
 0.46  0.01  0.095 0.07 0.01
 0.46  0.01  0.025 0 0.01
 5
// czarne_middle2_D
 0.45  0.01  0.095 0 0.01
 0.45  0.02  0.095 0 0
 0.45  0.02  0.025 0.07 0
 5

 0.45  0.02  0.025 0.07 0
 0.45  0.01  0.025 0.07 0.01
 0.45  0.01  0.095 0 0.01
 5

// czarne_middle2_E
 0.45  0.01  0.095 0 0.01
 0.45  0.01  0.025 0 0
 0.46  0.01  0.025 0.07 0
 5

 0.46  0.01  0.025 0.07 0
 0.46  0.01  0.095 0.07 0.01
 0.45  0.01  0.095 0 0.01
 5

// czarne_middle2_F
 0.45  0.02  0.025 0 0.01
 0.45  0.02  0.095 0 0
 0.46  0.02  0.095 0.07 0
 5

 0.46  0.02  0.095 0.07 0
 0.46  0.02  0.025 0.07 0.01
 0.45  0.02  0.025 0 0.01
 5


// ************************************ FAKTYCZNY STOJAK
// rower1_A
 0.06  0.02  0.098 0 1.7
 0.06  0.19  0.098 0 0
 0.064  0.19  0.098 0.04 0
 5

 0.064  0.19  0.098 0.04 0
 0.064  0.02  0.098 0.04 1.7
 0.06  0.02  0.098 0 1.7
 5

// rower1_B
 0.064  0.02  0.098 0 1.7
 0.064  0.19  0.098 0 0
 0.064  0.19  0.102 0.04 0
 5

 0.064  0.19  0.102 0.04 0
 0.064  0.02  0.102 0.04 1.7
 0.064  0.02  0.098 0 1.7
 5

// rower1_C
 0.064  0.02  0.102 0 1.7
 0.064  0.19  0.102 0 0
 0.06  0.19  0.102 0.04 0
 5

 0.06  0.19  0.102 0.04 0
 0.06  0.02  0.102 0.04 1.7
 0.064  0.02  0.102 0 1.7
 5

// rower1_D
 0.06  0.02  0.102 0 1.7
 0.06  0.19  0.102 0 0
 0.06  0.19  0.098 0.04 0
 5

 0.06  0.19  0.098 0.04 0
 0.06  0.02  0.098 0.04 1.7
 0.06  0.02  0.102 0 1.7
 5

// dodatkowy!

// rower4_A
 0.06  0.10  0.066 0 0.9
 0.06  0.19  0.066 0 0
 0.064  0.19  0.066 0.04 0
 5

 0.064  0.19  0.066 0.04 0
 0.064  0.10  0.066 0.04 0.9
 0.06  0.10  0.066 0 0.9
 5

// rower4_B
 0.064  0.10  0.066 0 0.9
 0.064  0.19  0.066 0 0
 0.064  0.19  0.07 0.04 0
 5

 0.064  0.19  0.07 0.04 0
 0.064  0.10  0.07 0.04 0.9
 0.064  0.10  0.066 0 0.9
 5

// rower4_C
 0.064  0.10  0.07 0 0.9
 0.064  0.19  0.07 0 0
 0.06  0.19  0.07 0.04 0
 5

 0.06  0.19  0.07 0.04 0
 0.06  0.1  0.07 0.04 0.9
 0.064  0.10  0.07 0 0.9
 5

// rower4_D
 0.06  0.10  0.07 0 0.9
 0.06  0.19  0.07 0 0
 0.06  0.19  0.066 0.04 0
 5

 0.06  0.19  0.066 0.04 0
 0.06  0.10  0.066 0.04 0.9
 0.06  0.10  0.07 0 0.9
 5
// czw
 0.06  0.1  0.066 0 0.04
 0.06  0.1  0.07 0 0
 0.064  0.1  0.07 0.04 0
 5

 0.064  0.1  0.07 0.04 0
 0.064  0.1  0.066 0.04 0.04
 0.06  0.1  0.066 0 0.04
 5
// koniec wtracenia ;-)

// rower2_A
 0.06  0.02  0.018 0 0.8
 0.06  0.1  0.018 0 0
 0.064  0.1  0.018 0.04 0
 5

 0.064  0.1  0.018 0.04 0
 0.064  0.02  0.018 0.04 0.8
 0.06  0.02  0.018 0 0.8
 5

// rower2_B
 0.064  0.02  0.018 0 0.8
 0.064  0.1  0.018 0 0
 0.064  0.1  0.022 0.04 0
 5

 0.064  0.1  0.022 0.04 0
 0.064  0.02  0.022 0.04 0.8
 0.064  0.02  0.018 0 0.8
 5

// rower2_C
 0.064  0.02  0.022 0 0.8
 0.064  0.1  0.022 0 0
 0.06  0.1  0.022 0.04 0
 5

 0.06  0.1  0.022 0.04 0
 0.06  0.02  0.022 0.04 0.8
 0.064  0.02  0.022 0 0.8
 5

// rower2_D
 0.06  0.02  0.022 0 0.8
 0.06  0.1  0.022 0 0
 0.06  0.1  0.018 0.04 0
 5

 0.06  0.1  0.018 0.04 0
 0.06  0.02  0.018 0.04 0.8
 0.06  0.02  0.022 0 0.8
 5

// rower3_A
 0.06  0.1  0.018 0 0.04
 0.06  0.104  0.018 0 0
 0.064  0.104  0.018 0.04 0
 5

 0.064  0.104  0.018 0.04 0
 0.064  0.1  0.018 0.04 0.04
 0.06  0.1  0.018 0 0.04
 5

// rower3_B
 0.064  0.1  0.018 0 0.04
 0.064  0.104  0.018 0 0
 0.064  0.104  0.066 0.48 0
 5

 0.064  0.104  0.066 0.48 0
 0.064  0.1  0.066 0.48 0.04
 0.064  0.1  0.018 0 0.04
 5

// rower3_C
 0.064  0.1  0.066 0 0.04
 0.064  0.104  0.066 0 0
 0.06  0.104  0.066 0.04 0
 5

 0.06  0.104  0.066 0.04 0
 0.06  0.1  0.066 0.04 0.04
 0.064  0.1  0.066 0 0.04
 5

// rower3_D
 0.06  0.1  0.066 0 0.04
 0.06  0.104  0.066 0 0
 0.06  0.104  0.018 0.48 0
 5

 0.06  0.104  0.018 0.48 0
 0.06  0.1  0.018 0.48 0.04
 0.06  0.1  0.066 0 0.04
 5

// rower3_E
 0.06  0.1  0.066 0 0.04
 0.06  0.1  0.018 0 0
 0.064  0.1  0.018 0.48 0
 5

 0.064  0.1  0.018 0.48 0
 0.064  0.1  0.066 0.48 0.04
 0.06  0.1  0.066 0 0.04
 5

// rower3_F
 0.06  0.104  0.018 0 0.04
 0.06  0.104  0.066 0 0
 0.064  0.104  0.066 0.48 0
 5

 0.064  0.104  0.066 0.48 0
 0.064  0.104  0.018 0.48 0.04
 0.06  0.104  0.018 0 0.04
 5

// rower4_A
 0.06  0.19  0.066 0 0.04
 0.06  0.194  0.066 0 0
 0.064  0.194  0.066 0.04 0
 5

 0.064  0.194  0.066 0.04 0
 0.064  0.19  0.066 0.04 0.04
 0.06  0.19  0.066 0 0.04
 5

// rower4_B
 0.064  0.19  0.066 0 1
 0.064  0.194  0.066 0 0
 0.064  0.194  0.102 1 0
 5

 0.064  0.194  0.102 1 0
 0.064  0.19  0.102 1 1
 0.064  0.19  0.066 0 1
 5

// rower4_C
 0.064  0.19  0.102 0 1
 0.064  0.194  0.102 0 0
 0.06  0.194  0.102 1 0
 5

 0.06  0.194  0.102 1 0
 0.06  0.19  0.102 1 1
 0.064  0.19  0.102 0 1
 5

// rower4_D
 0.06  0.19  0.102 0 1
 0.06  0.194  0.102 0 0
 0.06  0.194  0.066 1 0
 5

 0.06  0.194  0.066 1 0
 0.06  0.19  0.066 1 1
 0.06  0.19  0.102 0 1
 5

// rower4_E
 0.06  0.19  0.102 0 1
 0.06  0.19  0.066 0 0
 0.064  0.19  0.066 1 0
 5

 0.064  0.19  0.066 1 0
 0.064  0.19  0.102 1 1
 0.06  0.19  0.102 0 1
 5

// rower4_F
 0.06  0.194  0.066 0 1
 0.06  0.194  0.102 0 0
 0.064  0.194  0.102 1 0
 5

 0.064  0.194  0.102 1 0
 0.064  0.194  0.066 1 1
 0.06  0.194  0.066 0 1
 5

// ************************************ FAKTYCZNY STOJAK2
// rower1_A
 0.076  0.02  0.098 0 1.7
 0.076  0.19  0.098 0 0
 0.08  0.19  0.098 0.04 0
 5

 0.08  0.19  0.098 0.04 0
 0.08  0.02  0.098 0.04 1.7
 0.076  0.02  0.098 0 1.7
 5

// rower1_B
 0.08  0.02  0.098 0 1.7
 0.08  0.19  0.098 0 0
 0.08  0.19  0.102 0.04 0
 5

 0.08  0.19  0.102 0.04 0
 0.08  0.02  0.102 0.04 1.7
 0.08  0.02  0.098 0 1.7
 5

// rower1_C
 0.08  0.02  0.102 0 1.7
 0.08  0.19  0.102 0 0
 0.076  0.19  0.102 0.04 0
 5

 0.076  0.19  0.102 0.04 0
 0.076  0.02  0.102 0.04 1.7
 0.08  0.02  0.102 0 1.7
 5

// rower1_D
 0.076  0.02  0.102 0 1.7
 0.076  0.19  0.102 0 0
 0.076  0.19  0.098 0.04 0
 5

 0.076  0.19  0.098 0.04 0
 0.076  0.02  0.098 0.04 1.7
 0.076  0.02  0.102 0 1.7
 5

// dodatkowy!

// rower4_A
 0.076  0.10  0.066 0 0.9
 0.076  0.19  0.066 0 0
 0.08  0.19  0.066 0.04 0
 5

 0.08  0.19  0.066 0.04 0
 0.08  0.10  0.066 0.04 0.9
 0.076  0.10  0.066 0 0.9
 5

// rower4_B
 0.08  0.10  0.066 0 0.9
 0.08  0.19  0.066 0 0
 0.08  0.19  0.07 0.04 0
 5

 0.08  0.19  0.07 0.04 0
 0.08  0.10  0.07 0.04 0.9
 0.08  0.10  0.066 0 0.9
 5

// rower4_C
 0.08  0.10  0.07 0 0.9
 0.08  0.19  0.07 0 0
 0.076  0.19  0.07 0.04 0
 5

 0.076  0.19  0.07 0.04 0
 0.076  0.1  0.07 0.04 0.9
 0.08  0.10  0.07 0 0.9
 5

// rower4_D
 0.076  0.10  0.07 0 0.9
 0.076  0.19  0.07 0 0
 0.076  0.19  0.066 0.04 0
 5

 0.076  0.19  0.066 0.04 0
 0.076  0.10  0.066 0.04 0.9
 0.076  0.10  0.07 0 0.9
 5
// czw
 0.076  0.1  0.066 0 0.04
 0.076  0.1  0.07 0 0
 0.08  0.1  0.07 0.04 0
 5

 0.08  0.1  0.07 0.04 0
 0.08  0.1  0.066 0.04 0.04
 0.076  0.1  0.066 0 0.04
 5
// koniec wtracenia ;-)

// rower2_A
 0.076  0.02  0.018 0 0.8
 0.076  0.1  0.018 0 0
 0.08  0.1  0.018 0.04 0
 5

 0.08  0.1  0.018 0.04 0
 0.08  0.02  0.018 0.04 0.8
 0.076  0.02  0.018 0 0.8
 5

// rower2_B
 0.08  0.02  0.018 0 0.8
 0.08  0.1  0.018 0 0
 0.08  0.1  0.022 0.04 0
 5

 0.08  0.1  0.022 0.04 0
 0.08  0.02  0.022 0.04 0.8
 0.08  0.02  0.018 0 0.8
 5

// rower2_C
 0.08  0.02  0.022 0 0.8
 0.08  0.1  0.022 0 0
 0.076  0.1  0.022 0.04 0
 5

 0.076  0.1  0.022 0.04 0
 0.076  0.02  0.022 0.04 0.8
 0.08  0.02  0.022 0 0.8
 5

// rower2_D
 0.076  0.02  0.022 0 0.8
 0.076  0.1  0.022 0 0
 0.076  0.1  0.018 0.04 0
 5

 0.076  0.1  0.018 0.04 0
 0.076  0.02  0.018 0.04 0.8
 0.076  0.02  0.022 0 0.8
 5

// rower3_A
 0.076  0.1  0.018 0 0.04
 0.076  0.104  0.018 0 0
 0.08  0.104  0.018 0.04 0
 5

 0.08  0.104  0.018 0.04 0
 0.08  0.1  0.018 0.04 0.04
 0.076  0.1  0.018 0 0.04
 5

// rower3_B
 0.08  0.1  0.018 0 0.04
 0.08  0.104  0.018 0 0
 0.08  0.104  0.066 0.48 0
 5

 0.08  0.104  0.066 0.48 0
 0.08  0.1  0.066 0.48 0.04
 0.08  0.1  0.018 0 0.04
 5

// rower3_C
 0.08  0.1  0.066 0 0.04
 0.08  0.104  0.066 0 0
 0.076  0.104  0.066 0.04 0
 5

 0.076  0.104  0.066 0.04 0
 0.076  0.1  0.066 0.04 0.04
 0.08  0.1  0.066 0 0.04
 5

// rower3_D
 0.076  0.1  0.066 0 0.04
 0.076  0.104  0.066 0 0
 0.076  0.104  0.018 0.48 0
 5

 0.076  0.104  0.018 0.48 0
 0.076  0.1  0.018 0.48 0.04
 0.076  0.1  0.066 0 0.04
 5

// rower3_E
 0.076  0.1  0.066 0 0.04
 0.076  0.1  0.018 0 0
 0.08  0.1  0.018 0.48 0
 5

 0.08  0.1  0.018 0.48 0
 0.08  0.1  0.066 0.48 0.04
 0.076  0.1  0.066 0 0.04
 5

// rower3_F
 0.076  0.104  0.018 0 0.04
 0.076  0.104  0.066 0 0
 0.08  0.104  0.066 0.48 0
 5

 0.08  0.104  0.066 0.48 0
 0.08  0.104  0.018 0.48 0.04
 0.076  0.104  0.018 0 0.04
 5

// rower4_A
 0.076  0.19  0.066 0 0.04
 0.076  0.194  0.066 0 0
 0.08  0.194  0.066 0.04 0
 5

 0.08  0.194  0.066 0.04 0
 0.08  0.19  0.066 0.04 0.04
 0.076  0.19  0.066 0 0.04
 5

// rower4_B
 0.08  0.19  0.066 0 1
 0.08  0.194  0.066 0 0
 0.08  0.194  0.102 1 0
 5

 0.08  0.194  0.102 1 0
 0.08  0.19  0.102 1 1
 0.08  0.19  0.066 0 1
 5

// rower4_C
 0.08  0.19  0.102 0 1
 0.08  0.194  0.102 0 0
 0.076  0.194  0.102 1 0
 5

 0.076  0.194  0.102 1 0
 0.076  0.19  0.102 1 1
 0.08  0.19  0.102 0 1
 5

// rower4_D
 0.076  0.19  0.102 0 1
 0.076  0.194  0.102 0 0
 0.076  0.194  0.066 1 0
 5

 0.076  0.194  0.066 1 0
 0.076  0.19  0.066 1 1
 0.076  0.19  0.102 0 1
 5

// rower4_E
 0.076  0.19  0.102 0 1
 0.076  0.19  0.066 0 0
 0.08  0.19  0.066 1 0
 5

 0.08  0.19  0.066 1 0
 0.08  0.19  0.102 1 1
 0.076  0.19  0.102 0 1
 5

// rower4_F
 0.076  0.194  0.066 0 1
 0.076  0.194  0.102 0 0
 0.08  0.194  0.102 1 0
 5

 0.08  0.194  0.102 1 0
 0.08  0.194  0.066 1 1
 0.076  0.194  0.066 0 1
 5




// ************************************ FAKTYCZNY STOJAK
// rower1_A
 0.556  0.02  0.098 0 1.7
 0.556  0.19  0.098 0 0
 0.56  0.19  0.098 0.04 0
 5

 0.56  0.19  0.098 0.04 0
 0.56  0.02  0.098 0.04 1.7
 0.556  0.02  0.098 0 1.7
 5

// rower1_B
 0.56  0.02  0.098 0 1.7
 0.56  0.19  0.098 0 0
 0.56  0.19  0.102 0.04 0
 5

 0.56  0.19  0.102 0.04 0
 0.56  0.02  0.102 0.04 1.7
 0.56  0.02  0.098 0 1.7
 5

// rower1_C
 0.56  0.02  0.102 0 1.7
 0.56  0.19  0.102 0 0
 0.556  0.19  0.102 0.04 0
 5

 0.556  0.19  0.102 0.04 0
 0.556  0.02  0.102 0.04 1.7
 0.56  0.02  0.102 0 1.7
 5

// rower1_D
 0.556  0.02  0.102 0 1.7
 0.556  0.19  0.102 0 0
 0.556  0.19  0.098 0.04 0
 5

 0.556  0.19  0.098 0.04 0
 0.556  0.02  0.098 0.04 1.7
 0.556  0.02  0.102 0 1.7
 5

// dodatkowy!

// rower4_A
 0.556  0.10  0.066 0 0.9
 0.556  0.19  0.066 0 0
 0.56  0.19  0.066 0.04 0
 5

 0.56  0.19  0.066 0.04 0
 0.56  0.10  0.066 0.04 0.9
 0.556  0.10  0.066 0 0.9
 5

// rower4_B
 0.56  0.10  0.066 0 0.9
 0.56  0.19  0.066 0 0
 0.56  0.19  0.07 0.04 0
 5

 0.56  0.19  0.07 0.04 0
 0.56  0.10  0.07 0.04 0.9
 0.56  0.10  0.066 0 0.9
 5

// rower4_C
 0.56  0.10  0.07 0 0.9
 0.56  0.19  0.07 0 0
 0.556  0.19  0.07 0.04 0
 5

 0.556  0.19  0.07 0.04 0
 0.556  0.1  0.07 0.04 0.9
 0.56  0.10  0.07 0 0.9
 5

// rower4_D
 0.556  0.10  0.07 0 0.9
 0.556  0.19  0.07 0 0
 0.556  0.19  0.066 0.04 0
 5

 0.556  0.19  0.066 0.04 0
 0.556  0.10  0.066 0.04 0.9
 0.556  0.10  0.07 0 0.9
 5
// czw
 0.556  0.1  0.066 0 0.04
 0.556  0.1  0.07 0 0
 0.56  0.1  0.07 0.04 0
 5

 0.56  0.1  0.07 0.04 0
 0.56  0.1  0.066 0.04 0.04
 0.556  0.1  0.066 0 0.04
 5
// koniec wtracenia ;-)

// rower2_A
 0.556  0.02  0.018 0 0.8
 0.556  0.1  0.018 0 0
 0.56  0.1  0.018 0.04 0
 5

 0.56  0.1  0.018 0.04 0
 0.56  0.02  0.018 0.04 0.8
 0.556  0.02  0.018 0 0.8
 5

// rower2_B
 0.56  0.02  0.018 0 0.8
 0.56  0.1  0.018 0 0
 0.56  0.1  0.022 0.04 0
 5

 0.56  0.1  0.022 0.04 0
 0.56  0.02  0.022 0.04 0.8
 0.56  0.02  0.018 0 0.8
 5

// rower2_C
 0.56  0.02  0.022 0 0.8
 0.56  0.1  0.022 0 0
 0.556  0.1  0.022 0.04 0
 5

 0.556  0.1  0.022 0.04 0
 0.556  0.02  0.022 0.04 0.8
 0.56  0.02  0.022 0 0.8
 5

// rower2_D
 0.556  0.02  0.022 0 0.8
 0.556  0.1  0.022 0 0
 0.556  0.1  0.018 0.04 0
 5

 0.556  0.1  0.018 0.04 0
 0.556  0.02  0.018 0.04 0.8
 0.556  0.02  0.022 0 0.8
 5

// rower3_A
 0.556  0.1  0.018 0 0.04
 0.556  0.104  0.018 0 0
 0.56  0.104  0.018 0.04 0
 5

 0.56  0.104  0.018 0.04 0
 0.56  0.1  0.018 0.04 0.04
 0.556  0.1  0.018 0 0.04
 5

// rower3_B
 0.56  0.1  0.018 0 0.04
 0.56  0.104  0.018 0 0
 0.56  0.104  0.066 0.48 0
 5

 0.56  0.104  0.066 0.48 0
 0.56  0.1  0.066 0.48 0.04
 0.56  0.1  0.018 0 0.04
 5

// rower3_C
 0.56  0.1  0.066 0 0.04
 0.56  0.104  0.066 0 0
 0.556  0.104  0.066 0.04 0
 5

 0.556  0.104  0.066 0.04 0
 0.556  0.1  0.066 0.04 0.04
 0.56  0.1  0.066 0 0.04
 5

// rower3_D
 0.556  0.1  0.066 0 0.04
 0.556  0.104  0.066 0 0
 0.556  0.104  0.018 0.48 0
 5

 0.556  0.104  0.018 0.48 0
 0.556  0.1  0.018 0.48 0.04
 0.556  0.1  0.066 0 0.04
 5

// rower3_E
 0.556  0.1  0.066 0 0.04
 0.556  0.1  0.018 0 0
 0.56  0.1  0.018 0.48 0
 5

 0.56  0.1  0.018 0.48 0
 0.56  0.1  0.066 0.48 0.04
 0.556  0.1  0.066 0 0.04
 5

// rower3_F
 0.556  0.104  0.018 0 0.04
 0.556  0.104  0.066 0 0
 0.56  0.104  0.066 0.48 0
 5

 0.56  0.104  0.066 0.48 0
 0.56  0.104  0.018 0.48 0.04
 0.556  0.104  0.018 0 0.04
 5

// rower4_A
 0.556  0.19  0.066 0 0.04
 0.556  0.194  0.066 0 0
 0.56  0.194  0.066 0.04 0
 5

 0.56  0.194  0.066 0.04 0
 0.56  0.19  0.066 0.04 0.04
 0.556  0.19  0.066 0 0.04
 5

// rower4_B
 0.56  0.19  0.066 0 1
 0.56  0.194  0.066 0 0
 0.56  0.194  0.102 1 0
 5

 0.56  0.194  0.102 1 0
 0.56  0.19  0.102 1 1
 0.56  0.19  0.066 0 1
 5

// rower4_C
 0.56  0.19  0.102 0 1
 0.56  0.194  0.102 0 0
 0.556  0.194  0.102 1 0
 5

 0.556  0.194  0.102 1 0
 0.556  0.19  0.102 1 1
 0.56  0.19  0.102 0 1
 5

// rower4_D
 0.556  0.19  0.102 0 1
 0.556  0.194  0.102 0 0
 0.556  0.194  0.066 1 0
 5

 0.556  0.194  0.066 1 0
 0.556  0.19  0.066 1 1
 0.556  0.19  0.102 0 1
 5

// rower4_E
 0.556  0.19  0.102 0 1
 0.556  0.19  0.066 0 0
 0.56  0.19  0.066 1 0
 5

 0.56  0.19  0.066 1 0
 0.56  0.19  0.102 1 1
 0.556  0.19  0.102 0 1
 5

// rower4_F
 0.556  0.194  0.066 0 1
 0.556  0.194  0.102 0 0
 0.56  0.194  0.102 1 0
 5

 0.56  0.194  0.102 1 0
 0.56  0.194  0.066 1 1
 0.556  0.194  0.066 0 1
 5

// ************************************ FAKTYCZNY STOJAK2
// rower1_A
 0.54  0.02  0.098 0 1.7
 0.54  0.19  0.098 0 0
 0.544  0.19  0.098 0.04 0
 5

 0.544  0.19  0.098 0.04 0
 0.544  0.02  0.098 0.04 1.7
 0.54  0.02  0.098 0 1.7
 5

// rower1_B
 0.544  0.02  0.098 0 1.7
 0.544  0.19  0.098 0 0
 0.544  0.19  0.102 0.04 0
 5

 0.544  0.19  0.102 0.04 0
 0.544  0.02  0.102 0.04 1.7
 0.544  0.02  0.098 0 1.7
 5

// rower1_C
 0.544  0.02  0.102 0 1.7
 0.544  0.19  0.102 0 0
 0.54  0.19  0.102 0.04 0
 5

 0.54  0.19  0.102 0.04 0
 0.54  0.02  0.102 0.04 1.7
 0.544  0.02  0.102 0 1.7
 5

// rower1_D
 0.54  0.02  0.102 0 1.7
 0.54  0.19  0.102 0 0
 0.54  0.19  0.098 0.04 0
 5

 0.54  0.19  0.098 0.04 0
 0.54  0.02  0.098 0.04 1.7
 0.54  0.02  0.102 0 1.7
 5

// dodatkowy!

// rower4_A
 0.54  0.10  0.066 0 0.9
 0.54  0.19  0.066 0 0
 0.544  0.19  0.066 0.04 0
 5

 0.544  0.19  0.066 0.04 0
 0.544  0.10  0.066 0.04 0.9
 0.54  0.10  0.066 0 0.9
 5

// rower4_B
 0.544  0.10  0.066 0 0.9
 0.544  0.19  0.066 0 0
 0.544  0.19  0.07 0.04 0
 5

 0.544  0.19  0.07 0.04 0
 0.544  0.10  0.07 0.04 0.9
 0.544  0.10  0.066 0 0.9
 5

// rower4_C
 0.544  0.10  0.07 0 0.9
 0.544  0.19  0.07 0 0
 0.54  0.19  0.07 0.04 0
 5

 0.54  0.19  0.07 0.04 0
 0.54  0.1  0.07 0.04 0.9
 0.544  0.10  0.07 0 0.9
 5

// rower4_D
 0.54  0.10  0.07 0 0.9
 0.54  0.19  0.07 0 0
 0.54  0.19  0.066 0.04 0
 5

 0.54  0.19  0.066 0.04 0
 0.54  0.10  0.066 0.04 0.9
 0.54  0.10  0.07 0 0.9
 5
// czw
 0.54  0.1  0.066 0 0.04
 0.54  0.1  0.07 0 0
 0.544  0.1  0.07 0.04 0
 5

 0.544  0.1  0.07 0.04 0
 0.544  0.1  0.066 0.04 0.04
 0.54  0.1  0.066 0 0.04
 5
// koniec wtracenia ;-)

// rower2_A
 0.54  0.02  0.018 0 0.8
 0.54  0.1  0.018 0 0
 0.544  0.1  0.018 0.04 0
 5

 0.544  0.1  0.018 0.04 0
 0.544  0.02  0.018 0.04 0.8
 0.54  0.02  0.018 0 0.8
 5

// rower2_B
 0.544  0.02  0.018 0 0.8
 0.544  0.1  0.018 0 0
 0.544  0.1  0.022 0.04 0
 5

 0.544  0.1  0.022 0.04 0
 0.544  0.02  0.022 0.04 0.8
 0.544  0.02  0.018 0 0.8
 5

// rower2_C
 0.544  0.02  0.022 0 0.8
 0.544  0.1  0.022 0 0
 0.54  0.1  0.022 0.04 0
 5

 0.54  0.1  0.022 0.04 0
 0.54  0.02  0.022 0.04 0.8
 0.544  0.02  0.022 0 0.8
 5

// rower2_D
 0.54  0.02  0.022 0 0.8
 0.54  0.1  0.022 0 0
 0.54  0.1  0.018 0.04 0
 5

 0.54  0.1  0.018 0.04 0
 0.54  0.02  0.018 0.04 0.8
 0.54  0.02  0.022 0 0.8
 5

// rower3_A
 0.54  0.1  0.018 0 0.04
 0.54  0.104  0.018 0 0
 0.544  0.104  0.018 0.04 0
 5

 0.544  0.104  0.018 0.04 0
 0.544  0.1  0.018 0.04 0.04
 0.54  0.1  0.018 0 0.04
 5

// rower3_B
 0.544  0.1  0.018 0 0.04
 0.544  0.104  0.018 0 0
 0.544  0.104  0.066 0.48 0
 5

 0.544  0.104  0.066 0.48 0
 0.544  0.1  0.066 0.48 0.04
 0.544  0.1  0.018 0 0.04
 5

// rower3_C
 0.544  0.1  0.066 0 0.04
 0.544  0.104  0.066 0 0
 0.54  0.104  0.066 0.04 0
 5

 0.54  0.104  0.066 0.04 0
 0.54  0.1  0.066 0.04 0.04
 0.544  0.1  0.066 0 0.04
 5

// rower3_D
 0.54  0.1  0.066 0 0.04
 0.54  0.104  0.066 0 0
 0.54  0.104  0.018 0.48 0
 5

 0.54  0.104  0.018 0.48 0
 0.54  0.1  0.018 0.48 0.04
 0.54  0.1  0.066 0 0.04
 5

// rower3_E
 0.54  0.1  0.066 0 0.04
 0.54  0.1  0.018 0 0
 0.544  0.1  0.018 0.48 0
 5

 0.544  0.1  0.018 0.48 0
 0.544  0.1  0.066 0.48 0.04
 0.54  0.1  0.066 0 0.04
 5

// rower3_F
 0.54  0.104  0.018 0 0.04
 0.54  0.104  0.066 0 0
 0.544  0.104  0.066 0.48 0
 5

 0.544  0.104  0.066 0.48 0
 0.544  0.104  0.018 0.48 0.04
 0.54  0.104  0.018 0 0.04
 5

// rower4_A
 0.54  0.19  0.066 0 0.04
 0.54  0.194  0.066 0 0
 0.544  0.194  0.066 0.04 0
 5

 0.544  0.194  0.066 0.04 0
 0.544  0.19  0.066 0.04 0.04
 0.54  0.19  0.066 0 0.04
 5

// rower4_B
 0.544  0.19  0.066 0 1
 0.544  0.194  0.066 0 0
 0.544  0.194  0.102 1 0
 5

 0.544  0.194  0.102 1 0
 0.544  0.19  0.102 1 1
 0.544  0.19  0.066 0 1
 5

// rower4_C
 0.544  0.19  0.102 0 1
 0.544  0.194  0.102 0 0
 0.54  0.194  0.102 1 0
 5

 0.54  0.194  0.102 1 0
 0.54  0.19  0.102 1 1
 0.544  0.19  0.102 0 1
 5

// rower4_D
 0.54  0.19  0.102 0 1
 0.54  0.194  0.102 0 0
 0.54  0.194  0.066 1 0
 5

 0.54  0.194  0.066 1 0
 0.54  0.19  0.066 1 1
 0.54  0.19  0.102 0 1
 5

// rower4_E
 0.54  0.19  0.102 0 1
 0.54  0.19  0.066 0 0
 0.544  0.19  0.066 1 0
 5

 0.544  0.19  0.066 1 0
 0.544  0.19  0.102 1 1
 0.54  0.19  0.102 0 1
 5

// rower4_F
 0.54  0.194  0.066 0 1
 0.54  0.194  0.102 0 0
 0.544  0.194  0.102 1 0
 5

 0.544  0.194  0.102 1 0
 0.544  0.194  0.066 1 1
 0.54  0.194  0.066 0 1
 5



// ************************************ FAKTYCZNY STOJAK 4A
// rower1_A
 0.236  0.02  0.098 0 1.7
 0.236  0.19  0.098 0 0
 0.24  0.19  0.098 0.04 0
 5

 0.24  0.19  0.098 0.04 0
 0.24  0.02  0.098 0.04 1.7
 0.236  0.02  0.098 0 1.7
 5

// rower1_B
 0.24  0.02  0.098 0 1.7
 0.24  0.19  0.098 0 0
 0.24  0.19  0.102 0.04 0
 5

 0.24  0.19  0.102 0.04 0
 0.24  0.02  0.102 0.04 1.7
 0.24  0.02  0.098 0 1.7
 5

// rower1_C
 0.24  0.02  0.102 0 1.7
 0.24  0.19  0.102 0 0
 0.236  0.19  0.102 0.04 0
 5

 0.236  0.19  0.102 0.04 0
 0.236  0.02  0.102 0.04 1.7
 0.24  0.02  0.102 0 1.7
 5

// rower1_D
 0.236  0.02  0.102 0 1.7
 0.236  0.19  0.102 0 0
 0.236  0.19  0.098 0.04 0
 5

 0.236  0.19  0.098 0.04 0
 0.236  0.02  0.098 0.04 1.7
 0.236  0.02  0.102 0 1.7
 5

// dodatkowy!

// rower4_A
 0.236  0.10  0.066 0 0.9
 0.236  0.19  0.066 0 0
 0.24  0.19  0.066 0.04 0
 5

 0.24  0.19  0.066 0.04 0
 0.24  0.10  0.066 0.04 0.9
 0.236  0.10  0.066 0 0.9
 5

// rower4_B
 0.24  0.10  0.066 0 0.9
 0.24  0.19  0.066 0 0
 0.24  0.19  0.07 0.04 0
 5

 0.24  0.19  0.07 0.04 0
 0.24  0.10  0.07 0.04 0.9
 0.24  0.10  0.066 0 0.9
 5

// rower4_C
 0.24  0.10  0.07 0 0.9
 0.24  0.19  0.07 0 0
 0.236  0.19  0.07 0.04 0
 5

 0.236  0.19  0.07 0.04 0
 0.236  0.1  0.07 0.04 0.9
 0.24  0.10  0.07 0 0.9
 5

// rower4_D
 0.236  0.10  0.07 0 0.9
 0.236  0.19  0.07 0 0
 0.236  0.19  0.066 0.04 0
 5

 0.236  0.19  0.066 0.04 0
 0.236  0.10  0.066 0.04 0.9
 0.236  0.10  0.07 0 0.9
 5
// czw
 0.236  0.1  0.066 0 0.04
 0.236  0.1  0.07 0 0
 0.24  0.1  0.07 0.04 0
 5

 0.24  0.1  0.07 0.04 0
 0.24  0.1  0.066 0.04 0.04
 0.236  0.1  0.066 0 0.04
 5
// koniec wtracenia ;-)

// rower2_A
 0.236  0.02  0.018 0 0.8
 0.236  0.1  0.018 0 0
 0.24  0.1  0.018 0.04 0
 5

 0.24  0.1  0.018 0.04 0
 0.24  0.02  0.018 0.04 0.8
 0.236  0.02  0.018 0 0.8
 5

// rower2_B
 0.24  0.02  0.018 0 0.8
 0.24  0.1  0.018 0 0
 0.24  0.1  0.022 0.04 0
 5

 0.24  0.1  0.022 0.04 0
 0.24  0.02  0.022 0.04 0.8
 0.24  0.02  0.018 0 0.8
 5

// rower2_C
 0.24  0.02  0.022 0 0.8
 0.24  0.1  0.022 0 0
 0.236  0.1  0.022 0.04 0
 5

 0.236  0.1  0.022 0.04 0
 0.236  0.02  0.022 0.04 0.8
 0.24  0.02  0.022 0 0.8
 5

// rower2_D
 0.236  0.02  0.022 0 0.8
 0.236  0.1  0.022 0 0
 0.236  0.1  0.018 0.04 0
 5

 0.236  0.1  0.018 0.04 0
 0.236  0.02  0.018 0.04 0.8
 0.236  0.02  0.022 0 0.8
 5

// rower3_A
 0.236  0.1  0.018 0 0.04
 0.236  0.104  0.018 0 0
 0.24  0.104  0.018 0.04 0
 5

 0.24  0.104  0.018 0.04 0
 0.24  0.1  0.018 0.04 0.04
 0.236  0.1  0.018 0 0.04
 5

// rower3_B
 0.24  0.1  0.018 0 0.04
 0.24  0.104  0.018 0 0
 0.24  0.104  0.066 0.48 0
 5

 0.24  0.104  0.066 0.48 0
 0.24  0.1  0.066 0.48 0.04
 0.24  0.1  0.018 0 0.04
 5

// rower3_C
 0.24  0.1  0.066 0 0.04
 0.24  0.104  0.066 0 0
 0.236  0.104  0.066 0.04 0
 5

 0.236  0.104  0.066 0.04 0
 0.236  0.1  0.066 0.04 0.04
 0.24  0.1  0.066 0 0.04
 5

// rower3_D
 0.236  0.1  0.066 0 0.04
 0.236  0.104  0.066 0 0
 0.236  0.104  0.018 0.48 0
 5

 0.236  0.104  0.018 0.48 0
 0.236  0.1  0.018 0.48 0.04
 0.236  0.1  0.066 0 0.04
 5

// rower3_E
 0.236  0.1  0.066 0 0.04
 0.236  0.1  0.018 0 0
 0.24  0.1  0.018 0.48 0
 5

 0.24  0.1  0.018 0.48 0
 0.24  0.1  0.066 0.48 0.04
 0.236  0.1  0.066 0 0.04
 5

// rower3_F
 0.236  0.104  0.018 0 0.04
 0.236  0.104  0.066 0 0
 0.24  0.104  0.066 0.48 0
 5

 0.24  0.104  0.066 0.48 0
 0.24  0.104  0.018 0.48 0.04
 0.236  0.104  0.018 0 0.04
 5

// rower4_A
 0.236  0.19  0.066 0 0.04
 0.236  0.194  0.066 0 0
 0.24  0.194  0.066 0.04 0
 5

 0.24  0.194  0.066 0.04 0
 0.24  0.19  0.066 0.04 0.04
 0.236  0.19  0.066 0 0.04
 5

// rower4_B
 0.24  0.19  0.066 0 1
 0.24  0.194  0.066 0 0
 0.24  0.194  0.102 1 0
 5

 0.24  0.194  0.102 1 0
 0.24  0.19  0.102 1 1
 0.24  0.19  0.066 0 1
 5

// rower4_C
 0.24  0.19  0.102 0 1
 0.24  0.194  0.102 0 0
 0.236  0.194  0.102 1 0
 5

 0.236  0.194  0.102 1 0
 0.236  0.19  0.102 1 1
 0.24  0.19  0.102 0 1
 5

// rower4_D
 0.236  0.19  0.102 0 1
 0.236  0.194  0.102 0 0
 0.236  0.194  0.066 1 0
 5

 0.236  0.194  0.066 1 0
 0.236  0.19  0.066 1 1
 0.236  0.19  0.102 0 1
 5

// rower4_E
 0.236  0.19  0.102 0 1
 0.236  0.19  0.066 0 0
 0.24  0.19  0.066 1 0
 5

 0.24  0.19  0.066 1 0
 0.24  0.19  0.102 1 1
 0.236  0.19  0.102 0 1
 5

// rower4_F
 0.236  0.194  0.066 0 1
 0.236  0.194  0.102 0 0
 0.24  0.194  0.102 1 0
 5

 0.24  0.194  0.102 1 0
 0.24  0.194  0.066 1 1
 0.236  0.194  0.066 0 1
 5

// ************************************ FAKTYCZNY STOJAK4
// rower1_A
 0.22  0.02  0.098 0 1.7
 0.22  0.19  0.098 0 0
 0.224  0.19  0.098 0.04 0
 5

 0.224  0.19  0.098 0.04 0
 0.224  0.02  0.098 0.04 1.7
 0.22  0.02  0.098 0 1.7
 5

// rower1_B
 0.224  0.02  0.098 0 1.7
 0.224  0.19  0.098 0 0
 0.224  0.19  0.102 0.04 0
 5

 0.224  0.19  0.102 0.04 0
 0.224  0.02  0.102 0.04 1.7
 0.224  0.02  0.098 0 1.7
 5

// rower1_C
 0.224  0.02  0.102 0 1.7
 0.224  0.19  0.102 0 0
 0.22  0.19  0.102 0.04 0
 5

 0.22  0.19  0.102 0.04 0
 0.22  0.02  0.102 0.04 1.7
 0.224  0.02  0.102 0 1.7
 5

// rower1_D
 0.22  0.02  0.102 0 1.7
 0.22  0.19  0.102 0 0
 0.22  0.19  0.098 0.04 0
 5

 0.22  0.19  0.098 0.04 0
 0.22  0.02  0.098 0.04 1.7
 0.22  0.02  0.102 0 1.7
 5

// dodatkowy!

// rower4_A
 0.22  0.10  0.066 0 0.9
 0.22  0.19  0.066 0 0
 0.224  0.19  0.066 0.04 0
 5

 0.224  0.19  0.066 0.04 0
 0.224  0.10  0.066 0.04 0.9
 0.22  0.10  0.066 0 0.9
 5

// rower4_B
 0.224  0.10  0.066 0 0.9
 0.224  0.19  0.066 0 0
 0.224  0.19  0.07 0.04 0
 5

 0.224  0.19  0.07 0.04 0
 0.224  0.10  0.07 0.04 0.9
 0.224  0.10  0.066 0 0.9
 5

// rower4_C
 0.224  0.10  0.07 0 0.9
 0.224  0.19  0.07 0 0
 0.22  0.19  0.07 0.04 0
 5

 0.22  0.19  0.07 0.04 0
 0.22  0.1  0.07 0.04 0.9
 0.224  0.10  0.07 0 0.9
 5

// rower4_D
 0.22  0.10  0.07 0 0.9
 0.22  0.19  0.07 0 0
 0.22  0.19  0.066 0.04 0
 5

 0.22  0.19  0.066 0.04 0
 0.22  0.10  0.066 0.04 0.9
 0.22  0.10  0.07 0 0.9
 5
// czw
 0.22  0.1  0.066 0 0.04
 0.22  0.1  0.07 0 0
 0.224  0.1  0.07 0.04 0
 5

 0.224  0.1  0.07 0.04 0
 0.224  0.1  0.066 0.04 0.04
 0.22  0.1  0.066 0 0.04
 5
// koniec wtracenia ;-)

// rower2_A
 0.22  0.02  0.018 0 0.8
 0.22  0.1  0.018 0 0
 0.224  0.1  0.018 0.04 0
 5

 0.224  0.1  0.018 0.04 0
 0.224  0.02  0.018 0.04 0.8
 0.22  0.02  0.018 0 0.8
 5

// rower2_B
 0.224  0.02  0.018 0 0.8
 0.224  0.1  0.018 0 0
 0.224  0.1  0.022 0.04 0
 5

 0.224  0.1  0.022 0.04 0
 0.224  0.02  0.022 0.04 0.8
 0.224  0.02  0.018 0 0.8
 5

// rower2_C
 0.224  0.02  0.022 0 0.8
 0.224  0.1  0.022 0 0
 0.22  0.1  0.022 0.04 0
 5

 0.22  0.1  0.022 0.04 0
 0.22  0.02  0.022 0.04 0.8
 0.224  0.02  0.022 0 0.8
 5

// rower2_D
 0.22  0.02  0.022 0 0.8
 0.22  0.1  0.022 0 0
 0.22  0.1  0.018 0.04 0
 5

 0.22  0.1  0.018 0.04 0
 0.22  0.02  0.018 0.04 0.8
 0.22  0.02  0.022 0 0.8
 5

// rower3_A
 0.22  0.1  0.018 0 0.04
 0.22  0.104  0.018 0 0
 0.224  0.104  0.018 0.04 0
 5

 0.224  0.104  0.018 0.04 0
 0.224  0.1  0.018 0.04 0.04
 0.22  0.1  0.018 0 0.04
 5

// rower3_B
 0.224  0.1  0.018 0 0.04
 0.224  0.104  0.018 0 0
 0.224  0.104  0.066 0.48 0
 5

 0.224  0.104  0.066 0.48 0
 0.224  0.1  0.066 0.48 0.04
 0.224  0.1  0.018 0 0.04
 5

// rower3_C
 0.224  0.1  0.066 0 0.04
 0.224  0.104  0.066 0 0
 0.22  0.104  0.066 0.04 0
 5

 0.22  0.104  0.066 0.04 0
 0.22  0.1  0.066 0.04 0.04
 0.224  0.1  0.066 0 0.04
 5

// rower3_D
 0.22  0.1  0.066 0 0.04
 0.22  0.104  0.066 0 0
 0.22  0.104  0.018 0.48 0
 5

 0.22  0.104  0.018 0.48 0
 0.22  0.1  0.018 0.48 0.04
 0.22  0.1  0.066 0 0.04
 5

// rower3_E
 0.22  0.1  0.066 0 0.04
 0.22  0.1  0.018 0 0
 0.224  0.1  0.018 0.48 0
 5

 0.224  0.1  0.018 0.48 0
 0.224  0.1  0.066 0.48 0.04
 0.22  0.1  0.066 0 0.04
 5

// rower3_F
 0.22  0.104  0.018 0 0.04
 0.22  0.104  0.066 0 0
 0.224  0.104  0.066 0.48 0
 5

 0.224  0.104  0.066 0.48 0
 0.224  0.104  0.018 0.48 0.04
 0.22  0.104  0.018 0 0.04
 5

// rower4_A
 0.22  0.19  0.066 0 0.04
 0.22  0.194  0.066 0 0
 0.224  0.194  0.066 0.04 0
 5

 0.224  0.194  0.066 0.04 0
 0.224  0.19  0.066 0.04 0.04
 0.22  0.19  0.066 0 0.04
 5

// rower4_B
 0.224  0.19  0.066 0 1
 0.224  0.194  0.066 0 0
 0.224  0.194  0.102 1 0
 5

 0.224  0.194  0.102 1 0
 0.224  0.19  0.102 1 1
 0.224  0.19  0.066 0 1
 5

// rower4_C
 0.224  0.19  0.102 0 1
 0.224  0.194  0.102 0 0
 0.22  0.194  0.102 1 0
 5

 0.22  0.194  0.102 1 0
 0.22  0.19  0.102 1 1
 0.224  0.19  0.102 0 1
 5

// rower4_D
 0.22  0.19  0.102 0 1
 0.22  0.194  0.102 0 0
 0.22  0.194  0.066 1 0
 5

 0.22  0.194  0.066 1 0
 0.22  0.19  0.066 1 1
 0.22  0.19  0.102 0 1
 5

// rower4_E
 0.22  0.19  0.102 0 1
 0.22  0.19  0.066 0 0
 0.224  0.19  0.066 1 0
 5

 0.224  0.19  0.066 1 0
 0.224  0.19  0.102 1 1
 0.22  0.19  0.102 0 1
 5

// rower4_F
 0.22  0.194  0.066 0 1
 0.22  0.194  0.102 0 0
 0.224  0.194  0.102 1 0
 5

 0.224  0.194  0.102 1 0
 0.224  0.194  0.066 1 1
 0.22  0.194  0.066 0 1
 5

// ************************************ FAKTYCZNY STOJAK
// rower1_A
 0.376  0.02  0.098 0 1.7
 0.376  0.19  0.098 0 0
 0.38  0.19  0.098 0.04 0
 5

 0.38  0.19  0.098 0.04 0
 0.38  0.02  0.098 0.04 1.7
 0.376  0.02  0.098 0 1.7
 5

// rower1_B
 0.38  0.02  0.098 0 1.7
 0.38  0.19  0.098 0 0
 0.38  0.19  0.102 0.04 0
 5

 0.38  0.19  0.102 0.04 0
 0.38  0.02  0.102 0.04 1.7
 0.38  0.02  0.098 0 1.7
 5

// rower1_C
 0.38  0.02  0.102 0 1.7
 0.38  0.19  0.102 0 0
 0.376  0.19  0.102 0.04 0
 5

 0.376  0.19  0.102 0.04 0
 0.376  0.02  0.102 0.04 1.7
 0.38  0.02  0.102 0 1.7
 5

// rower1_D
 0.376  0.02  0.102 0 1.7
 0.376  0.19  0.102 0 0
 0.376  0.19  0.098 0.04 0
 5

 0.376  0.19  0.098 0.04 0
 0.376  0.02  0.098 0.04 1.7
 0.376  0.02  0.102 0 1.7
 5

// dodatkowy!

// rower4_A
 0.376  0.10  0.066 0 0.9
 0.376  0.19  0.066 0 0
 0.38  0.19  0.066 0.04 0
 5

 0.38  0.19  0.066 0.04 0
 0.38  0.10  0.066 0.04 0.9
 0.376  0.10  0.066 0 0.9
 5

// rower4_B
 0.38  0.10  0.066 0 0.9
 0.38  0.19  0.066 0 0
 0.38  0.19  0.07 0.04 0
 5

 0.38  0.19  0.07 0.04 0
 0.38  0.10  0.07 0.04 0.9
 0.38  0.10  0.066 0 0.9
 5

// rower4_C
 0.38  0.10  0.07 0 0.9
 0.38  0.19  0.07 0 0
 0.376  0.19  0.07 0.04 0
 5

 0.376  0.19  0.07 0.04 0
 0.376  0.1  0.07 0.04 0.9
 0.38  0.10  0.07 0 0.9
 5

// rower4_D
 0.376  0.10  0.07 0 0.9
 0.376  0.19  0.07 0 0
 0.376  0.19  0.066 0.04 0
 5

 0.376  0.19  0.066 0.04 0
 0.376  0.10  0.066 0.04 0.9
 0.376  0.10  0.07 0 0.9
 5
// czw
 0.376  0.1  0.066 0 0.04
 0.376  0.1  0.07 0 0
 0.38  0.1  0.07 0.04 0
 5

 0.38  0.1  0.07 0.04 0
 0.38  0.1  0.066 0.04 0.04
 0.376  0.1  0.066 0 0.04
 5
// koniec wtracenia ;-)

// rower2_A
 0.376  0.02  0.018 0 0.8
 0.376  0.1  0.018 0 0
 0.38  0.1  0.018 0.04 0
 5

 0.38  0.1  0.018 0.04 0
 0.38  0.02  0.018 0.04 0.8
 0.376  0.02  0.018 0 0.8
 5

// rower2_B
 0.38  0.02  0.018 0 0.8
 0.38  0.1  0.018 0 0
 0.38  0.1  0.022 0.04 0
 5

 0.38  0.1  0.022 0.04 0
 0.38  0.02  0.022 0.04 0.8
 0.38  0.02  0.018 0 0.8
 5

// rower2_C
 0.38  0.02  0.022 0 0.8
 0.38  0.1  0.022 0 0
 0.376  0.1  0.022 0.04 0
 5

 0.376  0.1  0.022 0.04 0
 0.376  0.02  0.022 0.04 0.8
 0.38  0.02  0.022 0 0.8
 5

// rower2_D
 0.376  0.02  0.022 0 0.8
 0.376  0.1  0.022 0 0
 0.376  0.1  0.018 0.04 0
 5

 0.376  0.1  0.018 0.04 0
 0.376  0.02  0.018 0.04 0.8
 0.376  0.02  0.022 0 0.8
 5

// rower3_A
 0.376  0.1  0.018 0 0.04
 0.376  0.104  0.018 0 0
 0.38  0.104  0.018 0.04 0
 5

 0.38  0.104  0.018 0.04 0
 0.38  0.1  0.018 0.04 0.04
 0.376  0.1  0.018 0 0.04
 5

// rower3_B
 0.38  0.1  0.018 0 0.04
 0.38  0.104  0.018 0 0
 0.38  0.104  0.066 0.48 0
 5

 0.38  0.104  0.066 0.48 0
 0.38  0.1  0.066 0.48 0.04
 0.38  0.1  0.018 0 0.04
 5

// rower3_C
 0.38  0.1  0.066 0 0.04
 0.38  0.104  0.066 0 0
 0.376  0.104  0.066 0.04 0
 5

 0.376  0.104  0.066 0.04 0
 0.376  0.1  0.066 0.04 0.04
 0.38  0.1  0.066 0 0.04
 5

// rower3_D
 0.376  0.1  0.066 0 0.04
 0.376  0.104  0.066 0 0
 0.376  0.104  0.018 0.48 0
 5

 0.376  0.104  0.018 0.48 0
 0.376  0.1  0.018 0.48 0.04
 0.376  0.1  0.066 0 0.04
 5

// rower3_E
 0.376  0.1  0.066 0 0.04
 0.376  0.1  0.018 0 0
 0.38  0.1  0.018 0.48 0
 5

 0.38  0.1  0.018 0.48 0
 0.38  0.1  0.066 0.48 0.04
 0.376  0.1  0.066 0 0.04
 5

// rower3_F
 0.376  0.104  0.018 0 0.04
 0.376  0.104  0.066 0 0
 0.38  0.104  0.066 0.48 0
 5

 0.38  0.104  0.066 0.48 0
 0.38  0.104  0.018 0.48 0.04
 0.376  0.104  0.018 0 0.04
 5

// rower4_A
 0.376  0.19  0.066 0 0.04
 0.376  0.194  0.066 0 0
 0.38  0.194  0.066 0.04 0
 5

 0.38  0.194  0.066 0.04 0
 0.38  0.19  0.066 0.04 0.04
 0.376  0.19  0.066 0 0.04
 5

// rower4_B
 0.38  0.19  0.066 0 1
 0.38  0.194  0.066 0 0
 0.38  0.194  0.102 1 0
 5

 0.38  0.194  0.102 1 0
 0.38  0.19  0.102 1 1
 0.38  0.19  0.066 0 1
 5

// rower4_C
 0.38  0.19  0.102 0 1
 0.38  0.194  0.102 0 0
 0.376  0.194  0.102 1 0
 5

 0.376  0.194  0.102 1 0
 0.376  0.19  0.102 1 1
 0.38  0.19  0.102 0 1
 5

// rower4_D
 0.376  0.19  0.102 0 1
 0.376  0.194  0.102 0 0
 0.376  0.194  0.066 1 0
 5

 0.376  0.194  0.066 1 0
 0.376  0.19  0.066 1 1
 0.376  0.19  0.102 0 1
 5

// rower4_E
 0.376  0.19  0.102 0 1
 0.376  0.19  0.066 0 0
 0.38  0.19  0.066 1 0
 5

 0.38  0.19  0.066 1 0
 0.38  0.19  0.102 1 1
 0.376  0.19  0.102 0 1
 5

// rower4_F
 0.376  0.194  0.066 0 1
 0.376  0.194  0.102 0 0
 0.38  0.194  0.102 1 0
 5

 0.38  0.194  0.102 1 0
 0.38  0.194  0.066 1 1
 0.376  0.194  0.066 0 1
 5

// ************************************ FAKTYCZNY STOJAK2
// rower1_A
 0.36  0.02  0.098 0 1.7
 0.36  0.19  0.098 0 0
 0.364  0.19  0.098 0.04 0
 5

 0.364  0.19  0.098 0.04 0
 0.364  0.02  0.098 0.04 1.7
 0.36  0.02  0.098 0 1.7
 5

// rower1_B
 0.364  0.02  0.098 0 1.7
 0.364  0.19  0.098 0 0
 0.364  0.19  0.102 0.04 0
 5

 0.364  0.19  0.102 0.04 0
 0.364  0.02  0.102 0.04 1.7
 0.364  0.02  0.098 0 1.7
 5

// rower1_C
 0.364  0.02  0.102 0 1.7
 0.364  0.19  0.102 0 0
 0.36  0.19  0.102 0.04 0
 5

 0.36  0.19  0.102 0.04 0
 0.36  0.02  0.102 0.04 1.7
 0.364  0.02  0.102 0 1.7
 5

// rower1_D
 0.36  0.02  0.102 0 1.7
 0.36  0.19  0.102 0 0
 0.36  0.19  0.098 0.04 0
 5

 0.36  0.19  0.098 0.04 0
 0.36  0.02  0.098 0.04 1.7
 0.36  0.02  0.102 0 1.7
 5

// dodatkowy!

// rower4_A
 0.36  0.10  0.066 0 0.9
 0.36  0.19  0.066 0 0
 0.364  0.19  0.066 0.04 0
 5

 0.364  0.19  0.066 0.04 0
 0.364  0.10  0.066 0.04 0.9
 0.36  0.10  0.066 0 0.9
 5

// rower4_B
 0.364  0.10  0.066 0 0.9
 0.364  0.19  0.066 0 0
 0.364  0.19  0.07 0.04 0
 5

 0.364  0.19  0.07 0.04 0
 0.364  0.10  0.07 0.04 0.9
 0.364  0.10  0.066 0 0.9
 5

// rower4_C
 0.364  0.10  0.07 0 0.9
 0.364  0.19  0.07 0 0
 0.36  0.19  0.07 0.04 0
 5

 0.36  0.19  0.07 0.04 0
 0.36  0.1  0.07 0.04 0.9
 0.364  0.10  0.07 0 0.9
 5

// rower4_D
 0.36  0.10  0.07 0 0.9
 0.36  0.19  0.07 0 0
 0.36  0.19  0.066 0.04 0
 5

 0.36  0.19  0.066 0.04 0
 0.36  0.10  0.066 0.04 0.9
 0.36  0.10  0.07 0 0.9
 5
// czw
 0.36  0.1  0.066 0 0.04
 0.36  0.1  0.07 0 0
 0.364  0.1  0.07 0.04 0
 5

 0.364  0.1  0.07 0.04 0
 0.364  0.1  0.066 0.04 0.04
 0.36  0.1  0.066 0 0.04
 5
// koniec wtracenia ;-)

// rower2_A
 0.36  0.02  0.018 0 0.8
 0.36  0.1  0.018 0 0
 0.364  0.1  0.018 0.04 0
 5

 0.364  0.1  0.018 0.04 0
 0.364  0.02  0.018 0.04 0.8
 0.36  0.02  0.018 0 0.8
 5

// rower2_B
 0.364  0.02  0.018 0 0.8
 0.364  0.1  0.018 0 0
 0.364  0.1  0.022 0.04 0
 5

 0.364  0.1  0.022 0.04 0
 0.364  0.02  0.022 0.04 0.8
 0.364  0.02  0.018 0 0.8
 5

// rower2_C
 0.364  0.02  0.022 0 0.8
 0.364  0.1  0.022 0 0
 0.36  0.1  0.022 0.04 0
 5

 0.36  0.1  0.022 0.04 0
 0.36  0.02  0.022 0.04 0.8
 0.364  0.02  0.022 0 0.8
 5

// rower2_D
 0.36  0.02  0.022 0 0.8
 0.36  0.1  0.022 0 0
 0.36  0.1  0.018 0.04 0
 5

 0.36  0.1  0.018 0.04 0
 0.36  0.02  0.018 0.04 0.8
 0.36  0.02  0.022 0 0.8
 5

// rower3_A
 0.36  0.1  0.018 0 0.04
 0.36  0.104  0.018 0 0
 0.364  0.104  0.018 0.04 0
 5

 0.364  0.104  0.018 0.04 0
 0.364  0.1  0.018 0.04 0.04
 0.36  0.1  0.018 0 0.04
 5

// rower3_B
 0.364  0.1  0.018 0 0.04
 0.364  0.104  0.018 0 0
 0.364  0.104  0.066 0.48 0
 5

 0.364  0.104  0.066 0.48 0
 0.364  0.1  0.066 0.48 0.04
 0.364  0.1  0.018 0 0.04
 5

// rower3_C
 0.364  0.1  0.066 0 0.04
 0.364  0.104  0.066 0 0
 0.36  0.104  0.066 0.04 0
 5

 0.36  0.104  0.066 0.04 0
 0.36  0.1  0.066 0.04 0.04
 0.364  0.1  0.066 0 0.04
 5

// rower3_D
 0.36  0.1  0.066 0 0.04
 0.36  0.104  0.066 0 0
 0.36  0.104  0.018 0.48 0
 5

 0.36  0.104  0.018 0.48 0
 0.36  0.1  0.018 0.48 0.04
 0.36  0.1  0.066 0 0.04
 5

// rower3_E
 0.36  0.1  0.066 0 0.04
 0.36  0.1  0.018 0 0
 0.364  0.1  0.018 0.48 0
 5

 0.364  0.1  0.018 0.48 0
 0.364  0.1  0.066 0.48 0.04
 0.36  0.1  0.066 0 0.04
 5

// rower3_F
 0.36  0.104  0.018 0 0.04
 0.36  0.104  0.066 0 0
 0.364  0.104  0.066 0.48 0
 5

 0.364  0.104  0.066 0.48 0
 0.364  0.104  0.018 0.48 0.04
 0.36  0.104  0.018 0 0.04
 5

// rower4_A
 0.36  0.19  0.066 0 0.04
 0.36  0.194  0.066 0 0
 0.364  0.194  0.066 0.04 0
 5

 0.364  0.194  0.066 0.04 0
 0.364  0.19  0.066 0.04 0.04
 0.36  0.19  0.066 0 0.04
 5

// rower4_B
 0.364  0.19  0.066 0 1
 0.364  0.194  0.066 0 0
 0.364  0.194  0.102 1 0
 5

 0.364  0.194  0.102 1 0
 0.364  0.19  0.102 1 1
 0.364  0.19  0.066 0 1
 5

// rower4_C
 0.364  0.19  0.102 0 1
 0.364  0.194  0.102 0 0
 0.36  0.194  0.102 1 0
 5

 0.36  0.194  0.102 1 0
 0.36  0.19  0.102 1 1
 0.364  0.19  0.102 0 1
 5

// rower4_D
 0.36  0.19  0.102 0 1
 0.36  0.194  0.102 0 0
 0.36  0.194  0.066 1 0
 5

 0.36  0.194  0.066 1 0
 0.36  0.19  0.066 1 1
 0.36  0.19  0.102 0 1
 5

// rower4_E
 0.36  0.19  0.102 0 1
 0.36  0.19  0.066 0 0
 0.364  0.19  0.066 1 0
 5

 0.364  0.19  0.066 1 0
 0.364  0.19  0.102 1 1
 0.36  0.19  0.102 0 1
 5

// rower4_F
 0.36  0.194  0.066 0 1
 0.36  0.194  0.102 0 0
 0.364  0.194  0.102 1 0
 5

 0.364  0.194  0.102 1 0
 0.364  0.194  0.066 1 1
 0.36  0.194  0.066 0 1
 5
