
NUMPOLLIES 18

// *******************    druga czesc murku

// murek_C_kat1
 1.62  0.204  3.718 0 2
 1.62  0.804  3.718 0 0
 2.103  0.804  4.201 4 0
 4

 1.62  0.204  3.718 0 2
 2.103  0.204  4.201 4 2
 2.103  0.804  4.201 4  0
 4

// murek_C_kat2
 1.3  0.57  3.718 0 0.8
 1.3  0.804  3.718 0 0
 2.103  0.804  4.521 6 0
 4

 1.3  0.57  3.718 0 0.8
 2.103  0.57  4.521 6 0.8
 2.103  0.804  4.521 6 0
 4


// murek_zewn_czesc_srodkowa
 1.62  0 3.718 0 2
 1.62  0.204  3.718 0 -0.04
 2.103  0.204  4.201 6 -0.04
 1

 1.62  0 3.718 0 2
 2.103  0  4.201 6 2
 2.103  0.204  4.201 6 -0.04
 1

// szczyt1
-0.5  0.57  4.022 0 23
-0.5  0.57  4.022 0 0
 1.798  0.57 6.321 23 0
 1

-0.5  0.57  4.022 0 23
 1.798  0.57  4.022 23 23
 1.798  0.57  6.321 23 -0.05
 1


//******************** wienczenie MURKU!

// 1.62
//    2.421

// wienczenie_murku_F
 1.28 0.81  3.718 0 0
 2.103  0.81  4.181 9 3.6 
 2.103  0.81  4.541 11.39 0 
 1

 1.28 0.81  3.718 0 0
 1.64  0.81  3.718 2.6 3.6 
 2.103  0.81  4.181 9  3.6
 1


// wienczenie_murku_E
 1.28 0.804  3.718 0 0
 2.103  0.804  4.181 11.39 7.8
 2.103  0.804  4.541 11.39 11.39 
 1

 1.28 0.804  3.718 0 0
 1.64  0.804  3.718 0 3.6 
 2.103  0.804  4.181 7.8  11.4
 1



// wienczenie_murku_A
 1.64  0.804  3.718 -0.4 0.1
 1.64  0.81  3.718 -0.4 0
 2.103  0.81  4.181 6 0
 1

 1.64  0.804  3.718 -0.4 0.1
 2.103  0.804  4.181 6 0.1
 2.103  0.81  4.181 6 0
 1

// wienczenie_murku_B
 1.28 0.804  3.718 0 0.1
 1.28 0.81  3.718 0 0
 2.103  0.81  4.541 11.39 0
 1

 1.28 0.804  3.718 0 0.1
 2.103  0.804  4.541 11.39 0.1
 2.103  0.81  4.541 11.39 0
 1


//
// trawa
-10 0  -10 0 5 
-10   0  10 0 0
 10  0 10  5 0
 3

-10   0  -10  0 5
 10  0  -10  5 5
 10  0  10  5 0
 3

