

NUMPOLLIES 262


// **************** POCZATEK SCHODOW

// podejscieL1
 0  0  0 0 10
 0  0.15  1 0 0
 0.3  0.15  1 3 0
 1

 0.3  0.15  1 3 0
 0.3  0  0 3 10
 0  0  0 0 10
 1

// polpoziomL
 0  0.15  1 0 2
 0  0.15  1.25 0 -0.5
 1.3  0.15  1.25 13 -0.5
 1

 1.3  0.15  1.25 13 -0.5
 1.3  0.15  1 13 2
 0  0.15  1 0 2
 1

// podejscieL2
 0  0.15  1.25 0 15
 0  0.39  2.75 0 0
 0.3  0.39  2.75 3 0
 1

 0.3  0.39  2.75  3 0
 0.3  0.15  1.25 3 15
 0  0.15  1.25 0 15
 1

// polpoziom2L
 0.3  0.15  1.25 0 2.5
 0.3  0.15  1.5 0 0
 1.3  0.15  1.5 10 0
 1

 1.3  0.15  1.5 10 0
 1.3  0.15  1.25 10 2.5
 0.3  0.15  1.25 0 2.5
 1


// poziom1L
-0.5  0.39  2.75  0 6.75
-0.5  0.39  3.425 0 0
 1.3  0.39  3.425 18 0
 1

 1.3  0.39  3.425 18 0
 1.3  0.39  2.75  18 6.75
-0.5  0.39  2.75  0 6.75
 1

// **************** SCIANY



// podejscieL_scianka3
 0  0  2.75 0.5 0
 0  0.15  2.75 0.5 1.5
 0  0.15  1 17 1.5
 1

 0  0.15  1 17 1.5
 0  0  1 17 0
 0  0  2.75 0.5 0
 1




// scianka_przyETI_1
 -0.5  0  2.75  0 0
 0  0  2.75  0 5
 0  0.39  2.75  3.9 5
 1

 0  0.39  2.75  3.9 5
 -0.5  0.39  2.75  3.9 0
 -0.5  0  2.75  0 0
 1




// ************************* SCHODY - main

// schodek1_A
 0.3  0  0.7 0 0.6
 0.3  0.05  0.7 0 0
 1.6  0.05  0.7 13 0
 1

 1.6  0.05  0.7 13 0
 1.6  0  0.7 13 0.6
 0.3  0  0.7 0 0.6
 1

// schodek1_B
 1.6  0  0.7 0 0.6
 1.6  0.05  0.7 0 0
 1.6  0.05  1.5 8 0
 1

 1.6  0.05  1.5 8 0
 1.6  0  1.5 8 0.6
 1.6  0  0.7 0 0.6
 1

// schodek2_A
 0.3  0.056  0.85 0 0.5
 0.3  0.106  0.85 0 0
 1.45  0.106  0.85 11.5 0
 1

 1.45  0.106  0.85 11.5 0
 1.45  0.056  0.85 11.5 0.5
 0.3  0.056  0.85 0 0.5
 1

// schodek2_B
 1.45  0.056  0.85 0 0.5
 1.45  0.106  0.85 0 0
 1.45  0.106  1.5 6.5 0
 1

 1.45  0.106  1.5 6.5 0
 1.45  0.056  1.5 6.5 0.5
 1.45  0.056  0.85 0 0.5
 1

// schodek3_A
 0.3  0.112  1 0 0.5
 0.3  0.15 1 0 0
 1.3  0.15 1 10 0
 1

 1.3  0.15 1 10 0
 1.3  0.112  1 10 0.5
 0.3  0.112  1 0 0.5
 1

// schodek3_B
 1.3  0.112  1 0 0.5
 1.3  0.15 1 0 0
 1.3  0.15 1.5 5 0
 1

 1.3  0.15 1.5 5 0
 1.3  0.112  1.5 5 0.5
 1.3  0.112  1 0 0.5
 1

// ******************* SCHODY - WYSTEPY

// schod1_wystep_A
 0.3  0.05  0.68 0 0.5
 0.3  0.056  0.68 0 0
 1.62  0.056  0.68 13.2 0
 1

 1.62  0.056  0.68 13.2 0
 1.62  0.05  0.68 13.2 0.5
 0.3  0.05  0.68 0 0.5
 1

// schod1_wystep_B
 1.62  0.05  0.68 0 0.5
 1.62  0.056  0.68 0 0
 1.62  0.056  1.5 8.2 0
 1

 1.62  0.056  1.5 8.2 0
 1.62  0.05  1.5 8.2 0.5
 1.62  0.05  0.68 0 0.5
 1

// schode2_wystep_A
 0.3  0.106  0.83 0 0.5
 0.3  0.112  0.83 0 0
 1.47  0.112  0.83 11.7 0
 1

 1.47  0.112  0.83 11.7 0
 1.47  0.106  0.83 11.7 0.5
 0.3  0.106  0.83 0 0.5
 1

// schode2_wystep_B
 1.47  0.106  0.83 0 0.5
 1.47  0.112  0.83 0 0
 1.47  0.112  1.5 6.17 0
 1

 1.47  0.112  1.5 6.17 0
 1.47  0.106  1.5 6.17 0.5
 1.47  0.106  0.83 0 0.5
 1

// schodek3_wystep_A
 0.3  0.144  0.98 0 0.5
 0.3  0.15    0.98 0 0
 1.32  0.15    0.98 10.2 0
 1

 1.32  0.15    0.98 10.2 0
 1.32  0.144  0.98 10.2 0.5
 0.3  0.144  0.98 0 0.5
 1

// schodek3_wystep_B
 1.32  0.144  0.98 0 0.5
 1.32  0.15  0.98 0 0
 1.32  0.15  1.5 5.02 0
 1

 1.32  0.15    1.5 5.02 0
 1.32  0.144  1.5 5.02 0.5
 1.32  0.144  0.98 0 0.5
 1


//**************** SCHODEK 1 FINISZ

// schodek1A
 0.3  0.05  0.7 0 0.2
 0.3  0.05  0.68 0 0
 1.62  0.05  0.68 13.2 0
 1

 1.62  0.05  0.68 13.2 0
 1.62  0.05  0.7 13.2 0.2
 0.3  0.05  0.7 0 0.2
 1

// schodek1B
 0.3  0.056  0.85 0 1.52
 0.3  0.056  0.68 0 0
 1.62  0.056  0.68 13.2 0
 1

 1.62  0.056  0.68 13.2 0
 1.62  0.056  0.85 13.2 1.52
 0.3  0.056  0.85 0 1.52
 1

// schodek1C
 1.6  0.05  0.7 0 0.2
 1.62  0.05  0.7 0 0
 1.62  0.05  1.5 8 0
 1

 1.62  0.05  1.5 8 0
 1.6  0.05  1.5 8 0.2
 1.6  0.05  0.7 0 0.2
 1

// schodek1D
 1.62  0.056  0.85 0 1.52
 1.45  0.056  0.85 0 0
 1.45  0.056  1.5 6.5 0
 1

 1.45  0.056  1.5 6.5 0
 1.62  0.056  1.5 6.5 1.52
 1.62  0.056  0.85 0 1.52
 1

//**************** SCHODEK 2 FINISZ

// schodek1A
 0.3  0.106  0.85 0 0.2
 0.3  0.106  0.83 0 0
 1.47  0.106  0.83 11.7 0
 1

 1.47  0.106  0.83 11.7 0
 1.47  0.106  0.85 11.7 0.2
 0.3  0.106  0.85 0 0.2
 1

// schodek1B
 0.3  0.112  1 0 1.52
 0.3  0.112  0.83 0 0
 1.47  0.112  0.83 11.7 0
 1

 1.47  0.112  0.83 11.7 0
 1.47  0.112  1 11.7 1.52
 0.3  0.112  1 0 1.52
 1

// schodek1C
 1.45  0.106  0.85 0 0.2
 1.47  0.106  0.85 0 0
 1.47  0.106  1.5 8 0
 1

 1.47  0.106  1.5 8 0
 1.45  0.106  1.5 8 0.2
 1.45  0.106  0.85 0 0.2
 1

// schodek1D
 1.47  0.112  1 0 1.52
 1.3  0.112  1 0 0
 1.3  0.112  1.5 5 0
 1

 1.3  0.112  1.5 5 0
 1.47  0.112  1.5 5 1.52
 1.47  0.112  1 0 1.52
 1

//**************** SCHODEK 3 FINISZ

// schodek1A
 0.3  0.15  1 0 0.2
 0.3  0.15  0.98 0 0
 1.32  0.15  0.98 10.2 0
 1

 1.32  0.15  0.98 10.2 0
 1.32  0.15  1 10.2 0.2
 0.3  0.15  1 0 0.2
 1

// schodek1E
 0.3  0.144  1 0 0.2
 0.3  0.144  0.98 0 0
 1.32  0.144  0.98 10.2 0
 1

 1.32  0.144  0.98 10.2 0
 1.32  0.144  1 10.2 0.2
 0.3  0.144  1 0 0.2
 1

// schodek1D
 1.32  0.144  1 0 0.2
 1.3  0.144  1 0 0
 1.3  0.144  1.5 5 0
 1

 1.3  0.144  1.5 5 0
 1.32  0.144  1.5 5 0.2
 1.32  0.144  1 0 0.2
 1


// schodek1D
 1.32  0.15 1 0 0.2
 1.3  0.15 1 0 0
 1.3  0.15 1.5 5 0
 1

 1.3  0.15 1.5 5 0
 1.32  0.15 1.5 5 0.2
 1.32  0.15 1 0 0.2
 1

// **************** SCHODY DRUGIE - MAIN

// schodek4
 0.3  0.21  1.5 0 4
 0.3  0.21  1.9 0 0
 1.62  0.21  1.9 13.2 0
 1

 1.62  0.21  1.9 13.2 0
 1.62  0.21  1.5 13.2 4
 0.3  0.21 1.5 0 4
 1

// schodek5
 0.3  0.27 1.9 0 4.25
 0.3  0.27  2.35 0 0
 1.3  0.27  2.35 10 0
 1

 1.3  0.27  2.35 10 0
 1.3  0.27  1.9 10 4.25
 0.3  0.27 1.9 0 4.25
 1

// schodek6
 0.3  0.33 2.35 0 4
 0.3  0.33  2.75 0 0
 1.3  0.33  2.75 10 0
 1

 1.3  0.33  2.75 10 0
 1.3  0.33  2.35 10 4
 0.3  0.33 2.35 0 4
 1

// *************** schodek murku!

// schodek3_A
 0.3  0.0  1.5 0 2.04
 0.3  0.204 1.5 0 0
 1.62  0.204 1.5 13.2 0
 1

 1.62  0.204 1.5 13.2 0
 1.62  0.0  1.5 13.2 2.04
 0.3  0.0  1.5 0 2.04
 1

// schodek3_wystep_A
 0.3  0.204 1.48 0 0.5
 0.3  0.21 1.48 0 0
 1.62  0.21 1.48 13.2 0
 1

 1.62  0.21 1.48 13.2 0
 1.62  0.204 1.48 13.2 0.5
 0.3  0.204 1.48 0 0.5
 1


// schodek1A
 0.3  0.21 1.5 0 0.2
 0.3  0.21 1.48 0 0
 1.62  0.21 1.48 13.2 0
 1

 1.62  0.21 1.48 13.2 0
 1.62  0.21 1.5 13.2 0.2
 0.3  0.21 1.5 0 0.2
 1
// schodek1A
 0.3  0.204  1.5 0 0.2
 0.3  0.204  1.48 0 0
 1.62  0.204  1.48 13.2 0
 1

 1.62  0.204  1.48 13.2 0
 1.62  0.204  1.5 13.2 0.2
 0.3  0.204  1.5 0 0.2
 1


// scianka_schodka_wieksza
 0.301  0.15  1.65 0 0.54
 0.301  0.204  1.65 0 0
 0.301  0.204  1.5 0.65 0
 1

 0.301  0.204  1.5 0.65 0
 0.301  0.15  1.5 0.65 0.54
 0.301  0.15  1.65 0 0.54
 1

// scianka_schodka_mniejsza
 0.301  0.204  1.65 0.5 0
 0.301  0.21  1.65 0.5 0.06
 0.301  0.21  1.48 0.5 0.06
 1

 0.301  0.21  1.48 0.5 0.06
 0.301  0.204  1.48 0.5 0
 0.301  0.204  1.65 0.5 0
 1

// schod_muru_wystep_B
 1.62  0.204  1.48 0 0.5
 1.62  0.21  1.48 0 0
 1.62  0.21  1.9 4.2 0
 1

 1.62  0.21  1.9 4.2 0
 1.62  0.204  1.9 4.2 0.5
 1.62  0.204  1.48 0 0.5
 1

// schodek_muru_spod_krawedzi
 1.6  0.204  1.48 0 0.2
 1.62  0.204  1.48 0 0
 1.62  0.204  1.9 4.2 0
 1

 1.62  0.204  1.9 4.2 0
 1.6  0.204  1.9 4.2 0.2
 1.6  0.204  1.48 0 0.2
 1

// murek_zewn_podstawa
 1.62  0 3.718 0 0
 1.62  0.204  3.718 0 2.04
 1.62  0.204  1.5 22.18 2.04
 1

 1.62  0.204  1.5 22.18 2.04
 1.62  0  1.5 22.18 0
 1.62  0  3.718 0 0
 1

// murek przy 'pod' zoltym

 1.3  0.21  1.9 0 0.54
 1.3  0.264 1.9 0 0
 1.62  0.264 1.9 3.2 0
 1

 1.62  0.264 1.9 3.2 0
 1.62  0.21  1.9 3.2 0.54
 1.3  0.21  1.9 0 0.54
 1

// murek przy wejsciu

 -0.5  0.39  3.398 0 1.78
 -0.5 0.568 3.398 0 0
 0  0.568 3.398 5 0
 1

 0  0.568 3.398 5 0
 0  0.39  3.398 5 1.78
 -0.5 0.39  3.398 0 1.78
 1

// sciana przy wejsciu
 0  0.39  3.718 0 0
 0  0.568 3.718 0 1.78
 0  0.568 3.398 3.2 1.78
 1

 0  0.568 3.398 3.2 1.78
 0  0.39  3.398 3.2 0
 0  0.39  3.718 0 0
 1

// ************** schodki na szcycieA

// schodek_szczyt1
 0  0.45  3.418 0 1.5
 0  0.45  3.568 0 0
 1.3  0.45  3.568 13 0
 1

 1.3  0.45  3.568 13 0
 1.3  0.45  3.418 13 1.5
 0  0.45  3.418 0 1.5
 1

// schodek_szczyt2
 0  0.51  3.568 0 1.5
 0  0.51  3.718 0 0
 1.3  0.51  3.718 13 0
 1

 1.3  0.51  3.718 13 0
 1.3  0.51  3.568 13 1.5
 0  0.51  3.568 0 1.5
 1

// schodek_szczyt3
 -0.5  0.57  3.384 0 3.2
 -0.5 0.57  3.698 0 0
 0.02  0.57  3.698 5.2 0
 1

 0.02  0.57  3.698 5.2 0
 0.02  0.57  3.384 5.2 3.2
 -0.5 0.57  3.384 0 3.2
 1

// schodek_szczyt4
 -0.5  0.564  3.384 0 3.2
 -0.5 0.564  3.698 0 0
 0.02  0.564  3.698 5.2 0
 1

 0.02  0.564  3.698 5.2 0
 0.02  0.564  3.384 5.2 3.2
 -0.5 0.564  3.384 0 3.2
 1

// schodek_szczyt5
 -0.5  0.57  3.698 0 0.2
 -0.5 0.57  3.718 0 0
 0.0  0.57  3.718 5 0
 1

 0.0  0.57  3.718 5 0
 0.0  0.57  3.698 5 0.2
 -0.5 0.57  3.698 0 0.2
 1

// schodek_szczyt_wystep_A
 -0.5  0.564  3.384 0 0.4
 -0.5 0.57  3.384 0 0
 0.02  0.57  3.384 5.2 0
 1

 0.02  0.57  3.384 5.2 0
 0.02  0.564  3.384 5.2 0.4
 -0.5 0.564  3.384 0 0.4
 1

// schodek_szczyt_wystep_B
 0.02  0.564  3.384 0 0.2
 0.02  0.57  3.384 0 0
 0.02  0.57  3.698 3.2 0
 1

 0.02  0.57  3.698 3.2 0
 0.02  0.564  3.698 3.2 0.2
 0.02  0.564  3.384 0 0.2
 1

// **************  szczyt schodow!!

// szczyt1
-0.5  0.57  3.718 0 3
-0.5  0.57  4.022 0 0
 1.7  0.57  4.022 22 0
 1

 1.7  0.57  4.022 22 0
 1.55  0.57  3.718 20.5 3
-0.5  0.57  3.718 0 3
 1

// waski pasek pomiedzy drzwiami a schodaim
 -0.5  0.39  3.384 0 1.82
 -0.5  0.564  3.384 0 0
 -0.5  0.564  3.398 0.14 0
 1

 -0.5  0.564  3.398 0.14 0
 -0.5  0.39  3.398 0.14 1.82
 -0.5  0.39  3.384 0 1.82
 1

// poziom1L
-0.65  0.39  2.75  -0.5 6.75
-0.65  0.39  3.425 -0.5 0
 -0.5  0.39  3.425 1 0
 1

 -0.5  0.39  3.425 1 0
 -0.5  0.39  2.75  1 6.75
-0.65  0.39  2.75  -0.5 6.75
 1

//************************* RAMA DRZWI

// slupek1_A
-0.65  0.39  2.75 0 1
-0.65  1.01  2.75 0 0
-0.5  1.01  2.75 1 0
 8

-0.5  1.01  2.75 1 0
-0.5  0.39  2.75 1 1
-0.65  0.39  2.75 0 1
 8

// slupek1_B
-0.5  0.39  2.75 0 1
-0.5  1.01  2.75 0 0
-0.5  1.01  2.8 1 0
 9

-0.5  1.01  2.8 1 0
-0.5  0.39  2.8 1 1
-0.5  0.39  2.75 0 1
 9

// slupek1_C
-0.5  0.39  2.8 0 1
-0.5  1.01  2.8 0 0
-0.65  1.01  2.8 1 0
 8

-0.65  1.01  2.8 1 0
-0.65  0.39  2.8 1 1
-0.5  0.39  2.8 0 1
 8

// slupek1_D
-0.65  0.39  2.8 0 1
-0.65  1.01  2.8 0 0
-0.65  1.01  2.75 1 0
 9

-0.65  1.01  2.75 1 0
-0.65  0.39  2.75 1 1
-0.65  0.39  2.8 0 1
 9


// slupek2_A
-0.65  0.39  3.334 0 1
-0.65  1.01  3.334 0 0
-0.5  1.01  3.334 1 0
 8

-0.5  1.01  3.334 1 0
-0.5  0.39  3.334 1 1
-0.65  0.39  3.334 0 1
 8

// slupek2_B
-0.5  0.39  3.334 0 1
-0.5  1.01  3.334 0 0
-0.5  1.01  3.384 1 0
 9

-0.5  1.01  3.384 1 0
-0.5  0.39  3.384 1 1
-0.5  0.39  3.334 0 1
 9

// slupek2_C
-0.5  0.39  3.384 0 1
-0.5  1.01  3.384 0 0
-0.65  1.01  3.384 1 0
 8

-0.65  1.01  3.384 1 0
-0.65  0.39  3.384 1 1
-0.5  0.39  3.384 0 1
 8

// slupek2_D
-0.65  0.39  3.384 0 1
-0.65  1.01  3.384 0 0
-0.65  1.01  3.334 1 0
 9

-0.65  1.01  3.334 1 0
-0.65  0.39  3.334 1 1
-0.65  0.39  3.384 0 1
 9


// ponad_A
-0.66  1.01  2.75 0 1
-0.66  1.03  2.75 0 0
-0.5  1.03  2.75 1 0
 8

-0.5  1.03  2.75 1 0
-0.5  1.01  2.75 1 1
-0.66  1.01  2.75 0 1
 8

// ponad_B
-0.5  1.01  2.75 0 1
-0.5  1.03  2.75 0 0
-0.5  1.03  3.384 1 0
 9

-0.5  1.03  3.384 1 0
-0.5  1.01  3.384 1 1
-0.5  1.01  2.75 0 1
 9

// ponad_C
-0.5  1.01  3.384 0 1
-0.5  1.03  3.384 0 0
-0.66  1.03  3.384 1 0
 8

-0.66  1.03  3.384 1 0
-0.66  1.01  3.384 1 1
-0.5  1.01  3.384 0 1
 8

// ponad_D
-0.66  1.01  3.384 0 1
-0.66  1.03  3.384 0 0
-0.66  1.03  2.75 1 0
 9

-0.66  1.03  2.75 1 0
-0.66  1.01  2.75 1 1
-0.66  1.01  3.384 0 1
 9

// ponad_E
-0.66  1.01  3.384 0 1
-0.66  1.01  2.75 0 0
-0.5  1.01  2.75 1 0
 8

-0.5  1.01  2.75 1 0
-0.5  1.01  3.384 1 1
-0.66  1.01  3.384 0 1
 8

// ponad_F
-0.66  1.03  2.75 0 1
-0.66  1.03  3.384 0 0
-0.51  1.03  3.384 1 0
 8

-0.51  1.03  3.384 1 0
-0.51  1.03  2.75 1 1
-0.66  1.03  2.75 0 1
 8

// murek - druga strona
 -0.6  0.39  3.45 -0.8 1.5
 -0.6  0.564  3.45 -0.8 0
 -0.6  0.564  4.02 3.2 0
 10

 -0.6  0.564  4.02 3.2 0
 -0.6  0.39  4.02 3.2 1.5
 -0.6  0.39  3.45 -0.8 1.5
 10

// murek - druga strona, "wystep"
 -0.62  0.564  3.45 -0.8 0.2
 -0.62  0.57  3.45 -0.8 0
 -0.62  0.57  4.02 3.2 0
 10

 -0.62  0.57  4.02 3.2 0
 -0.62  0.564  4.02 3.2 0.2
 -0.62  0.564  3.45 -0.8 0.2
 10

// murek - druga strona, 'pod wystepem'
-0.62  0.564  3.45 0 -0.8
-0.62  0.564  4.02 0 3.2
-0.6  0.564  4.02 0.06 3.2
 10

-0.6  0.564  4.02 0.06 3.2
-0.6  0.564  3.45 0.06 -0.8
-0.62  0.564  3.45 0 -0.8
 10

// "pólka" przy wejsciu

-0.62  0.57  3.45 0 -0.8
-0.62  0.57  4.02 0 3.2
-0.55  0.57  4.02 0.57 3.2
 10

-0.55  0.57  4.02 0.57 3.2
-0.55  0.57  3.45 0.57 -0.8
-0.62  0.57  3.45 0 -0.8
 10


//************************** CZESCI AKTUALIZOWANE PO DLUZSZEJ PRZERWIE

// podloga - poczatek
-1.2  0.39  3.45 0 -0.8
-1.2  0.39  4.02 0 3.2
-0.6  0.39  4.02 4 3.2
 10

-0.6  0.39  4.02 4 3.2
-0.6  0.39  3.45 4 -0.8
-1.2  0.39  3.45 0 -0.8
 10

// podloga - czesc druga
-1.8  0.39  2.8 0 0
-1.8  0.39  3.45 0 5.2
-0.65  0.39  3.45 7.67 5.2
 10

-0.65  0.39  3.45 7.67 5.2
-0.65  0.39  2.8 7.67 0
-1.8  0.39  2.8 0 0
 10

// podloga - czesc trzecia
-3  0.57  2.8 0 0
-3 0.57  3.45 0 5.2
-1.8  0.39  3.45 8.5 5.2
 10

-1.8 0.39  3.45 8.5 5.2
-1.8  0.39  2.8 8.5 0
-3  0.57  2.8 0 0
 10
// podloga - czesc czwarta (przed schodami)
-4  0.57  2.8 -0.5 0
-4  0.57  4.02 -0.5 9.8
-3  0.57  4.02 7 9.8
 10

-3 0.57  4.02 7 9.8
-3  0.57  2.8 7 0
-4  0.57  2.8 -0.5 0
 10

// podloga - czesc czwarta (kolo windy1)
-4  0.57  4.02 -0.5 -0.2
-4  0.57  4.8 -0.5 5.75
-3  0.57  4.8 7 5.75
 10

-3 0.57  4.8 7 5.75
-3  0.57  4.02 7 -0.2
-4  0.57  4.02 -0.5 -0.2
 10

// podloga - czesc piata, tuz przed winda
-3  0.57  4.3 0 -0.07
-3  0.57  4.57 0 2
-2.94  0.57  4.57 0.4 2
 10

-2.94 0.57  4.57 0.4 2
-2.94  0.57  4.3 0.4 -0.07
-3  0.57  4.3 0 -0.07
 10

// pasek przy scianieA
-1.2  0.39  4.02 0 0.2
-1.2  0.41  4.02 0 0
-0.6 0.41  4.02 4 0
 10

-0.6  0.41  4.02 4 0
-0.6  0.39  4.02 4 0.2
-1.2  0.39  4.02 0 0.2
 10

// pasek przy scianieB
-1.2  0.39  3.449 -0.8 0.2
-1.2  0.41  3.449 -0.8 0
-1.2  0.41  4.02 3.2 0
 10

-1.2  0.41  4.02 3.2 0
-1.2  0.39  4.02 3.2 0.2
-1.2  0.39  3.449 -0.8 0.2
 10

// pasek przy scianieC
-1.8  0.39  3.449 0 0.2
-1.8  0.41  3.449 0 0
-1.2 0.41  3.449 4 0
 10

-1.2  0.41  3.449 4 0
-1.2  0.39  3.449 4 0.2
-1.8  0.39  3.449 0 0.2
 10

// pasek przy scianieD
-1.8  0.39  2.8 0 0.2
-1.8  0.41  2.8 0 0
-0.65 0.41  2.8 7.66 0
 10

-0.65  0.41  2.8 7.66 0
-0.65  0.39  2.8 7.66 0.2
-1.8  0.39  2.8 0 0.2
 10

// pasek przy scianieE (naprzeciw)
-3  0.57  2.8 0 0.2
-3  0.59  2.8 0 0
-1.8 0.41  2.8 8.5 0
 10

-1.8  0.41  2.8 8.5 0
-1.8  0.39  2.8 8.5 0.2
-3  0.57  2.8 0 0.2
 10

// pasek przy scianieF (pod schodami)
-2.94  0.568  3.449 -0.55 0.2
-2.94  0.561 3.449 -0.55 0
-1.8 0.41  3.449 7.5 0
 10

-1.8  0.41 3.449 7.5 0
-1.8  0.39  3.449 7.5 0.2
-2.94  0.561  3.449 -0.55 0.2
 10

// pasek naprzeciw windy UNO

-4  0.57  2.8 0 0.2
-4  0.59  2.8 0 0
-4  0.59  4.02 9.8 0
 10

-4  0.59  4.02 9.8 0
-4  0.57 4.02 9.8 0.2
-4  0.57  2.8 0 0.2
 10

// pasek naprzeciw windy DOS

-4  0.57  4.02 -0.2 0.2
-4  0.59  4.02 -0.2 0
-4  0.59  4.8 5.75 0
 10

-4  0.59  4.8 5.75 0
-4  0.57 4.8 5.75 0.2
-4  0.57  4.02 -0.2 0.2
 10


// pasek przy windzie 1
-3  0.57  4.02 -0.2 0.2
-3  0.59  4.02 -0.2 0
-3  0.59  4.3 1.95 0
 10

-3  0.59  4.3 1.95 0
-3  0.57  4.3 1.95 0.2
-3  0.57  4.02 -0.2 0.2
 10

// pasek przy windzie 2
-3  0.57 4.57 0 0.2
-3  0.59  4.57 0 0
-3  0.59  4.8 1.75 0
 10

-3  0.59  4.8 1.75 0
-3  0.57  4.8 1.75 0.2
-3  0.57  4.57 0 0.2
 10

// pasek przy windzie 3
-3  0.57 4.3 0 0.2
-3  0.59  4.3 0 0
-2.96 0.59  4.3 0.3 0
 10
-2.96  0.59  4.3 0.3 0
-2.96  0.57  4.3 0.3 0.2
 -3  0.57  4.3 0 0.2
 10
// pasek przy windzie 4
-3  0.57 4.57 0 0.2
-3  0.59  4.57 0 0
-2.96 0.59  4.57 0.3 0
 10
-2.96  0.59  4.57 0.3 0
-2.96  0.57  4.57 0.3 0.2
 -3  0.57  4.57 0 0.2
 10
// ************************************************** SCIANY

// sciana_A
-1.2  0.41 4.02 0 1
-1.2  1.3299  4.02 0 0
-0.5 1.3299  4.02 1 0
 11
-0.5  1.3299  4.02 1 0
-0.5  0.41  4.02 1 1
 -1.2  0.41  4.02 0 1
 11

// sciana B
-1.2  0.41  3.45 0 1
-1.2  1.22  3.45 0 0
-1.2  1.22  4.02 1 0
 11

-1.2  1.22  4.02 1 0
-1.2  0.41  4.02 1 1
-1.2  0.41  3.45 0 1
 11

// podlogo sufit polaczenie!
-1.14  1.22  2.8 0 1
-1.14  1.2797  2.8 0 0
-1.14  1.2797  4.02 1 0
 11

-1.14  1.2797  4.02 1 0
-1.14  1.22  4.02 1 1
-1.14  1.22  2.8 0 1
 11

// sciana_C
-3  0.41 2.799 0 1
-3  5.59  2.799 0 0
-0.65 5.59  2.799 1 0
 11
-0.65  5.59  2.799 1 0
-0.65  0.41  2.799 1 1
 -3  0.41  2.799 0 1
 11

// sciana lacznika 1 (pomiedzy szatnia a holem)
-4  0.59  2.8 0 1
-4  1.3299  2.8 0 0
-4  1.3299  4.8 1 0
 11

-4  1.3299  4.8 1 0
-4  0.59  4.8 1 1
-4  0.59  2.8 0 1
 11

// sciana przy windzie 1
-3  0.59  4.02 0 1
-3  1.3299  4.02 0 0
-3  1.3299  4.3 1 0
 11

-3  1.3299  4.3 1 0
-3  0.59  4.3 1 1
-3  0.59  4.02 0 1
 11

// sciana przy windzie 2
-3  0.59  4.57 0 1
-3  1.3299  4.57 0 0
-3  1.3299  4.8 1 0
 11

-3  1.3299  4.8 1 0
-3  0.59  4.8 1 1
-3  0.59  4.57 0 1
 11

// sciana przy windzie 3
-3  0.59 4.3 0 1
-3  1.3299  4.3 0 0
-2.96 1.3299  4.3 1 0
 11
-2.96  1.3299  4.3 1 0
-2.96  0.59  4.3 1 1
 -3  0.59  4.3 0 1
 11
// sciana_przy_windzie 4
-3  0.59 4.57 0 1
-3  1.3299  4.57 0 0
-2.96 1.3299  4.57 1 0
 11
-2.96  1.3299  4.57 1 0
-2.96  0.59  4.57 1 1
 -3  0.59  4.57 0 1
 11

// sciana_przy_windzie 5
-3  0.59 4.02 0 1
-3  1.3299  4.02 0 0
-1.2 1.3299  4.02 1 0
 11
-1.2  1.3299  4.02 1 0
-1.2  0.59  4.02 1 1
 -3  0.59  4.02 0 1
 11

// sciana przy windzie 6
-3  1.03  4.3 0 1
-3  1.3299  4.3 0 0
-3  1.3299  4.57 1 0
 11

-3  1.3299  4.57 1 0
-3  1.03  4.57 1 1
-3  1.03  4.3 0 1
 11

// sciana przy windzie 7
-3  1.03  4.3 0 0
-3  1.03  4.57 0 1
-2.96  1.03  4.57 1 1
 11

-2.96 1.03  4.57 1 1
-2.96  1.03  4.3 1 0
-3  1.03  4.3 0 0
 11



// sciana schodow 2
-1.7  0.38 3.45 0 1
-1.7  1.221  3.45 0 0
-1.2 1.221  3.45 1 0
 11
-1.2  1.221  3.45 1 0
-1.2  0.38  3.45 1 1
 -1.7  0.38  3.45 0 1
 11

// sciana_drzwi_przy_szatni
-3  0.59  2.74 0 1
-3  1.3299  2.74 0 0
-3  1.3299  2.8 1 0
 11

-3  1.3299  2.8 1 0
-3  0.59  2.8 1 1
-3  0.59  2.74 0 1
 11

// sciana_drzwi_przy_szatni 2
-4  0.59  2.74 0 1
-4  1.3299  2.74 0 0
-4  1.3299  2.8 1 0
 11

-4  1.3299  2.8 1 0
-4  0.59  2.8 1 1
-4  0.59  2.74 0 1
 11

// *********************** KOLUMNA

// kolumna_A
-0.65  0.39  3.3841 0 1
-0.65  1.8  3.3841 0 0
-0.501 1.8  3.3841 1 0
 11

-0.501  1.8  3.3841 1 0
-0.501  0.39  3.3841 1 1
-0.65  0.39  3.3841 0 1
 11

// kolumna_B
-0.501  0.39  3.3841 0 1
-0.501  1.8  3.3841 0 0
-0.501   1.8  3.45 1 0
 11

-0.501 1.8  3.45 1 0
-0.501  0.39  3.45 1 1
-0.501  0.39  3.3841 0 1
 11

// kolumna_C
-0.501  0.39  3.45 0 1
-0.501  1.8  3.45 0 0
-0.65  1.8  3.45 1 0
 11

-0.65  1.8  3.45 1 0
-0.65  0.39  3.45 1 1
-0.501  0.39  3.45 0 1
 11

// kolumna_D
-0.65  0.39  3.45 0 1
-0.65  1.8  3.45 0 0
-0.65  1.8  3.3841 1 0
 11

-0.65  1.8  3.3841 1 0
-0.65  0.39  3.3841 1 1
-0.65  0.39  3.45 0 1
 11

// 90 scian!


// **************** WSPORNIK DRZWI RUCHOMYCH

// glowna_B
-0.71  1.01  2.8 0 1
-0.71  1.06  2.8 0 0
-0.71  1.06  4.02 1 0
 9

-0.71  1.06  4.02 1 0
-0.71  1.01  4.02 1 1
-0.71  1.01  2.8 0 1
 9

// glowna_D
-0.67  1.01  4.02 0 1
-0.67  1.06  4.02 0 0
-0.67  1.06  2.8 1 0
 9

-0.67  1.06  2.8 1 0
-0.67  1.01  2.8 1 1
-0.67  1.01  4.02 0 1
 9

// glowna_E
-0.67  1.01  4.02 0 1
-0.67  1.01  2.8 0 0
-0.71  1.01  2.8 1 0
 9

-0.71  1.01  2.8 1 0
-0.71  1.01  4.02 1 1
-0.67  1.01  4.02 0 1
 9

// glowna_F
-0.67  1.06  2.8 0 1
-0.67  1.06  4.02 0 0
-0.71  1.06  4.02 1 0
 9

-0.71  1.06  4.02 1 0
-0.71  1.06  2.8 1 1
-0.67  1.06  2.8 0 1
 9

// wspornik_polowa_B
-0.66  1.01  3.45 0 1
-0.66  1.06  3.45 0 0
-0.66  1.06  4.02 1 0
 9

-0.66  1.06  4.02 1 0
-0.66  1.01  4.02 1 1
-0.66  1.01  3.45 0 1
 9

// wspornik_polowa_D
-0.62  1.01  4.02 0 1
-0.62  1.06  4.02 0 0
-0.62  1.06  3.45 1 0
 9

-0.62  1.06  3.45 1 0
-0.62  1.01  3.45 1 1
-0.62  1.01  4.02 0 1
 9

// wspornik_polowa_E
-0.62  1.01  4.02 0 1
-0.62  1.01  3.45 0 0
-0.66  1.01  3.45 1 0
 9

-0.66  1.01  3.45 1 0
-0.66  1.01  4.02 1 1
-0.62  1.01  4.02 0 1
 9

// wspornik_polowa_F
-0.62  1.06  3.45 0 1
-0.62  1.06  4.02 0 0
-0.66  1.06  4.02 1 0
 9

-0.66  1.06  4.02 1 0
-0.66 1.06  3.45 1 1
-0.62  1.06  3.45 0 1
 9

// ****************** CZUJNIK PONAD DRZWIAMI

// czesc_czarnego_spojnika_main_A
-0.72  1.01  3.057 0 1
-0.72  1.015  3.057 0 0
-0.71  1.015  3.057 1 0
 5

-0.71  1.015  3.057 1 0
-0.71  1.01  3.057 1 1
-0.72  1.01  3.057 0 1
 5

// czesc_czarnego_spojnika_main_C
-0.71  1.01  3.082 0 1
-0.71  1.015  3.082 0 0
-0.72  1.015  3.082 1 0
 5

-0.72  1.015  3.082 1 0
-0.72  1.01  3.082 1 1
-0.71  1.01  3.082 0 1
 5

// czesc_czarnego_spojnika_main_D
-0.72  1.01  3.082 0 1
-0.72  1.015  3.082 0 0
-0.72  1.015  3.057 1 0
 5

-0.72  1.015  3.057 1 0
-0.72  1.01  3.057 1 1
-0.72  1.01  3.082 0 1
 5

// czesc_czarnego_spojnika_main_E
-0.72  1.01  3.082 0 1
-0.72  1.01  3.057 0 0
-0.71  1.01  3.057 1 0
 5

-0.71  1.01  3.057 1 0
-0.71  1.01  3.082 1 1
-0.72  1.01  3.082 0 1
 5

// dodatkowe czujnika!

// pokrywa
-0.72  1.015  3.082 0 1
-0.72  1.015  3.057 0 0
-0.71  1.02 3.057 1 0
 5

-0.71  1.02  3.057 1 0
-0.71  1.02  3.082 1 1
-0.72  1.015  3.082 0 1
 5

// BOK 1
 -0.72  1.015  3.057 0 1
-0.71  1.015  3.057 0 0
-0.71  1.02  3.057 1 0
 5

// BOK 2
-0.71  1.02  3.082 1 0
-0.71  1.015  3.082 0 0
 -0.72  1.015  3.082 0 1
 5

// tzw. "pryndzel przeciwpozarowy"
-3.99  0.9  3.42 0 1
-3.99  0.93  3.42 0 0
-3.99   0.93  3.45 1 0
 17

-3.99 0.93  3.45 1 0
-3.99  0.9  3.45 1 1
-3.99  0.9  3.42 0 1
 17

// pozarowy_przycisk_A
-3.99  0.865  3.42 0 1
-3.99  0.895  3.42 0 0
-3.985  0.895  3.42 1 0
 19

-3.985  0.895  3.42 1 0
-3.985  0.865  3.42 1 1
-3.99  0.865  3.42 0 1
 19

// pozarowy_przycisk_B
-3.985  0.865  3.42 0 0
-3.985  0.895  3.42 0 1
-3.985  0.895  3.45 1 1
 18

-3.985  0.895  3.45 1 1
-3.985  0.865  3.45 1 0
-3.985  0.865  3.42 0 0
 18

// pozarowy_przycisk_C
-3.985  0.865  3.45 0 1
-3.985  0.895  3.45 0 0
-3.99  0.895  3.45 1 0
 19

-3.99  0.895  3.45 1 0
-3.99  0.865  3.45 1 1
-3.985  0.865  3.45 0 1
 19


// pozarowy_przycisk_E
-3.99  0.865  3.45 0 1
-3.99  0.865  3.42 0 0
-3.985  0.865  3.42 1 0
 19

-3.985  0.865  3.42 1 0
-3.985  0.865  3.45 1 1
-3.99  0.865  3.45 0 1
 19

// pozarowy_przycisk_F
-3.99  0.895  3.42 0 1
-3.99  0.895  3.45 0 0
-3.985  0.895  3.45 1 0
 19

-3.985  0.895  3.45 1 0
-3.985  0.895  3.42 1 1
-3.99  0.895  3.42 0 1
 19
