

NUMPOLLIES 10


// drzwi #1
// drzwi_A
 0  0  0 0 1
 0  0.5  0 0 0
 0.04  0.5  0 1 0
 16

 0.04  0.5  0 1 0
 0.04  0  0 1 1
 0  0  0 0 1
 16

// drzwi_B
 0.04  0  0 0 1
 0.04  0.5  0 0 0
 0.04  0.5  0.2 1 0
 16

 0.04  0.5  0.2 1 0
 0.04  0  0.2 1 1
 0.04  0  0 0 1
 16

// drzwi_C
 0.04  0  0.2 0 1
 0.04  0.5  0.2 0 0
 0  0.5  0.2 1 0
 16

 0  0.5  0.2 1 0
 0  0  0.2 1 1
 0.04  0  0.2 0 1
 16

// drzwi_D
 0  0  0.2 0 1
 0  0.5  0.2 0 0
 0  0.5  0 1 0
 16

 0  0.5  0 1 0
 0  0  0 1 1
 0  0  0.2 0 1
 16

// drzwi_F
 0  0.5  0 0 1
 0  0.5  0.2 0 0
 0.04  0.5  0.2 1 0
 16

 0.04  0.5  0.2 1 0
 0.04  0.5  0 1 1
 0  0.5  0 0 1
 16
