

NUMPOLLIES 52


// main_B
 0.05  0  0 0 1
 0.05  0.04  0 0 0
 0.05  0.04  0.6 1 0
 11

 0.05  0.04  0.6 1 0
 0.05  0  0.6 1 1
 0.05  0  0 0 1
 11

// main_D
 -0.02  0.01  0.6 0 1
 -0.02  0.07  0.6 0 0
 -0.02  0.07  0 8 0
 14

 -0.02  0.07  0 8 0
 -0.02  0.01  0 8 1
 -0.02  0.01  0.6 0 1
 14
// main_D (pomiedzy "podlogami" czujki)

 0.02  0  0.6 0 1
 0.02  0.01  0.6 0 0
 0.02  0.01  0 1 0
 11

 0.02  0.01  0 1 0
 0.02  0  0 1 1
 0.02  0  0.6 0 1
 11


// main_E
 0.02  0  0.6 0 9
 0.02  0  0 0 0
 0.05  0  0 1 0
 13

 0.05  0  0 1 0
 0.05  0  0.6 1 9
 0.02  0  0.6 0 9
 13

// main_E(biala reszta
 -0.02  0.01  0.6 0 1
 -0.02  0.01  0 0 0
 0.02  0.01  0 1 0
 11

 0.02  0.01  0 1 0
 0.02  0.01  0.6 1 1
 -0.02  0.01  0.6 0 1
 11

// main_E (lacznik u gory czujki)
 -0.02  0.07  0.6 0 1
 -0.02  0.07  0 0 0
 0.03  0.07  0 1 0
 11

 0.03  0.07  0 1 0
 0.03  0.07  0.6 1 1
 -0.02  0.07  0.6 0 1
 11

// main_F
 0.03  0.07  0 0 1
 0.03  0.07  0.6 0 0
 0.05  0.04  0.6 1 0
 11

 0.05  0.04  0.6 1 0
 0.05  0.04  0 1 1
 0.03  0.07  0 0 1
 11

// scianka_czujki1
 0.05  0.0  0.6 0 1
 0.05  0.04  0.6 0 0
 0.02  0.04  0.6 1 0
11

 0.02  0.04  0.6 1 0
 0.02  0.0  0.6 1 1
 0.05  0.0  0.6 0 1
11

// scianka_czujki2
 0.05  0.04  0.6 0 1
 0.03  0.07  0.6 0 0
 0.02  0.07  0.6 1 0
11

 0.02  0.07  0.6 1 0
 0.02  0.04  0.6 1 1
 0.05  0.04  0.6 0 1
11

// scianka_czujki3
 0.02  0.01  0.6 0 1
 0.02  0.07  0.6 0 0
 -0.02  0.07  0.6 1 0
11

-0.02  0.07  0.6 1 0
 -0.02  0.01  0.6 1 1
 0.02  0.01  0.6 0 1
11


// ***************** LINKI
// *** LINKA #1
// linka_A
0.02  0.07  0.004 0 1
0.02  1.08  0.004 0 0
0.025  1.08  0.004 1 0
 11

0.025  1.08  0.004 1 0
0.025  0.07  0.004 1 1
0.02  0.07  0.004 0 1
 11

// linka_B
0.025  0.07  0.004 0 1
0.025  1.08  0.004 0 0
0.025  1.08  0.009 1 0
 11

0.025  1.08  0.009 1 0
0.025  0.07  0.009 1 1
0.025  0.07  0.004 0 1
 11

// linka_C
0.025  0.07  0.009 0 1
0.025  1.08  0.009 0 0
0.02  1.08  0.009 1 0
 11

0.02  1.08  0.009 1 0
0.02  0.07  0.009 1 1
0.025  0.07  0.009 0 1
 11

// linka_D
0.02  0.07  0.009 0 1
0.02  1.08  0.009 0 0
0.02  1.08  0.004 1 0
 11

0.02  1.08  0.004 1 0
0.02  0.07  0.004 1 1
0.02  0.07  0.009 0 1
 11
// *** LINKA #2
// linka_A
-0.015  0.07  0.004 0 1
-0.015  1.08  0.004 0 0
-0.01  1.08  0.004 1 0
 11

-0.01  1.08  0.004 1 0
-0.01  0.07  0.004 1 1
-0.015  0.07  0.004 0 1
 11

// linka_B
-0.01  0.07  0.004 0 1
-0.01  1.08  0.004 0 0
-0.01  1.08  0.009 1 0
 11

-0.01  1.08  0.009 1 0
-0.01  0.07  0.009 1 1
-0.01  0.07  0.004 0 1
 11

// linka_C
-0.01  0.07  0.009 0 1
-0.01  1.08  0.009 0 0
-0.015  1.08  0.009 1 0
 11

-0.015  1.08  0.009 1 0
-0.015  0.07  0.009 1 1
-0.01  0.07  0.009 0 1
 11

// linka_D
-0.015  0.07  0.009 0 1
-0.015  1.08  0.009 0 0
-0.015  1.08  0.004 1 0
 11

-0.015  1.08  0.004 1 0
-0.015  0.07  0.004 1 1
-0.015  0.07  0.009 0 1
 11

// *** LINKA #3
// linka_A
0.02  0.07  0.593 0 1
0.02  1.08  0.593 0 0
0.025  1.08  0.593 1 0
 11

0.025  1.08  0.593 1 0
0.025  0.07  0.593 1 1
0.02  0.07  0.593 0 1
 11

// linka_B
0.025  0.07  0.593 0 1
0.025  1.08  0.593 0 0
0.025  1.08  0.598 1 0
 11

0.025  1.08  0.598 1 0
0.025  0.07  0.598 1 1
0.025  0.07  0.593 0 1
 11

// linka_C
0.025  0.07  0.598 0 1
0.025  1.08  0.598 0 0
0.02  1.08  0.598 1 0
 11

0.02  1.08  0.598 1 0
0.02  0.07  0.598 1 1
0.025  0.07  0.598 0 1
 11

// linka_D
0.02  0.07  0.598 0 1
0.02  1.08  0.598 0 0
0.02  1.08  0.593 1 0
 11

0.02  1.08  0.593 1 0
0.02  0.07  0.593 1 1
0.02  0.07  0.598 0 1
 11
// *** LINKA #4
// linka_A
-0.015  0.07  0.593 0 1
-0.015  1.08  0.593 0 0
-0.01  1.08  0.593 1 0
 11

-0.01  1.08  0.593 1 0
-0.01  0.07  0.593 1 1
-0.015  0.07  0.593 0 1
 11

// linka_B
-0.01  0.07  0.593 0 1
-0.01  1.08  0.593 0 0
-0.01  1.08  0.598 1 0
 11

-0.01  1.08  0.598 1 0
-0.01  0.07  0.598 1 1
-0.01  0.07  0.593 0 1
 11

// linka_C
-0.01  0.07  0.598 0 1
-0.01  1.08  0.598 0 0
-0.015  1.08  0.598 1 0
 11

-0.015  1.08  0.598 1 0
-0.015  0.07  0.598 1 1
-0.01  0.07  0.598 0 1
 11

// linka_D
-0.015  0.07  0.598 0 1
-0.015  1.08  0.598 0 0
-0.015  1.08  0.593 1 0
 11

-0.015  1.08  0.593 1 0
-0.015  0.07  0.593 1 1
-0.015  0.07  0.598 0 1
 11
